+---------+---------------+----------+
00:16:13,439,632   ETHER
|0   |34|23|87|45|78|21|38|97|d6|b4|e0|01|08|06|00|01|08|00|06|04|00|02|38|97|d6|b4|e0|01|0a|aa|7f|fe|34|23|87|45|78|21|0a|aa|7b|e6|00|00|00|00|00|00|00|00|00|00|00|00|00|00|00|00|00|00|

+---------+---------------+----------+
00:16:13,670,371   ETHER
|0   |34|23|87|45|78|21|38|97|d6|b4|e0|01|08|06|00|01|08|00|06|04|00|02|38|97|d6|b4|e0|01|0a|aa|7f|fe|34|23|87|45|78|21|0a|aa|7b|e6|00|00|00|00|00|00|00|00|00|00|00|00|00|00|00|00|00|00|

+---------+---------------+----------+
00:16:13,679,229   ETHER
|0   |34|23|87|45|78|21|38|97|d6|b4|e0|01|08|06|00|01|08|00|06|04|00|02|38|97|d6|b4|e0|01|0a|aa|7f|fe|34|23|87|45|78|21|0a|aa|7b|e6|00|00|00|00|00|00|00|00|00|00|00|00|00|00|00|00|00|00|

+---------+---------------+----------+
00:16:13,716,648   ETHER
|0   |34|23|87|45|78|21|38|97|d6|b4|e0|01|08|06|00|01|08|00|06|04|00|02|38|97|d6|b4|e0|01|0a|aa|7f|fe|34|23|87|45|78|21|0a|aa|7b|e6|00|00|00|00|00|00|00|00|00|00|00|00|00|00|00|00|00|00|

+---------+---------------+----------+
00:16:13,753,325   ETHER
|0   |34|23|87|45|78|21|38|97|d6|b4|e0|01|08|06|00|01|08|00|06|04|00|02|38|97|d6|b4|e0|01|0a|aa|7f|fe|34|23|87|45|78|21|0a|aa|7b|e6|00|00|00|00|00|00|00|00|00|00|00|00|00|00|00|00|00|00|

+---------+---------------+----------+
00:16:13,797,871   ETHER
|0   |34|23|87|45|78|21|38|97|d6|b4|e0|01|08|06|00|01|08|00|06|04|00|02|38|97|d6|b4|e0|01|0a|aa|7f|fe|34|23|87|45|78|21|0a|aa|7b|e6|00|00|00|00|00|00|00|00|00|00|00|00|00|00|00|00|00|00|

+---------+---------------+----------+
00:16:13,967,946   ETHER
|0   |34|23|87|45|78|21|38|97|d6|b4|e0|01|08|06|00|01|08|00|06|04|00|02|38|97|d6|b4|e0|01|0a|aa|7f|fe|34|23|87|45|78|21|0a|aa|7b|e6|00|00|00|00|00|00|00|00|00|00|00|00|00|00|00|00|00|00|

+---------+---------------+----------+
00:16:14,019,060   ETHER
|0   |34|23|87|45|78|21|38|97|d6|b4|e0|01|08|06|00|01|08|00|06|04|00|02|38|97|d6|b4|e0|01|0a|aa|7f|fe|34|23|87|45|78|21|0a|aa|7b|e6|00|00|00|00|00|00|00|00|00|00|00|00|00|00|00|00|00|00|

+---------+---------------+----------+
00:16:14,167,422   ETHER
|0   |34|23|87|45|78|21|38|97|d6|b4|e0|01|08|06|00|01|08|00|06|04|00|02|38|97|d6|b4|e0|01|0a|aa|7f|fe|34|23|87|45|78|21|0a|aa|7b|e6|00|00|00|00|00|00|00|00|00|00|00|00|00|00|00|00|00|00|

+---------+---------------+----------+
00:16:14,387,123   ETHER
|0   |34|23|87|45|78|21|38|97|d6|b4|e0|01|08|06|00|01|08|00|06|04|00|02|38|97|d6|b4|e0|01|0a|aa|7f|fe|34|23|87|45|78|21|0a|aa|7b|e6|00|00|00|00|00|00|00|00|00|00|00|00|00|00|00|00|00|00|

+---------+---------------+----------+
00:16:14,435,516   ETHER
|0   |34|23|87|45|78|21|38|97|d6|b4|e0|01|08|06|00|01|08|00|06|04|00|02|38|97|d6|b4|e0|01|0a|aa|7f|fe|34|23|87|45|78|21|0a|aa|7b|e6|00|00|00|00|00|00|00|00|00|00|00|00|00|00|00|00|00|00|

+---------+---------------+----------+
00:16:14,488,100   ETHER
|0   |34|23|87|45|78|21|38|97|d6|b4|e0|01|08|06|00|01|08|00|06|04|00|02|38|97|d6|b4|e0|01|0a|aa|7f|fe|34|23|87|45|78|21|0a|aa|7b|e6|00|00|00|00|00|00|00|00|00|00|00|00|00|00|00|00|00|00|

+---------+---------------+----------+
00:16:14,640,442   ETHER
|0   |34|23|87|45|78|21|38|97|d6|b4|e0|01|08|06|00|01|08|00|06|04|00|02|38|97|d6|b4|e0|01|0a|aa|7f|fe|34|23|87|45|78|21|0a|aa|7b|e6|00|00|00|00|00|00|00|00|00|00|00|00|00|00|00|00|00|00|

+---------+---------------+----------+
00:16:14,693,647   ETHER
|0   |34|23|87|45|78|21|38|97|d6|b4|e0|01|08|06|00|01|08|00|06|04|00|02|38|97|d6|b4|e0|01|0a|aa|7f|fe|34|23|87|45|78|21|0a|aa|7b|e6|00|00|00|00|00|00|00|00|00|00|00|00|00|00|00|00|00|00|

+---------+---------------+----------+
00:16:14,740,675   ETHER
|0   |34|23|87|45|78|21|38|97|d6|b4|e0|01|08|06|00|01|08|00|06|04|00|02|38|97|d6|b4|e0|01|0a|aa|7f|fe|34|23|87|45|78|21|0a|aa|7b|e6|00|00|00|00|00|00|00|00|00|00|00|00|00|00|00|00|00|00|

+---------+---------------+----------+
00:16:14,787,130   ETHER
|0   |34|23|87|45|78|21|38|97|d6|b4|e0|01|08|06|00|01|08|00|06|04|00|02|38|97|d6|b4|e0|01|0a|aa|7f|fe|34|23|87|45|78|21|0a|aa|7b|e6|00|00|00|00|00|00|00|00|00|00|00|00|00|00|00|00|00|00|

+---------+---------------+----------+
00:16:14,821,936   ETHER
|0   |34|23|87|45|78|21|38|97|d6|b4|e0|01|08|06|00|01|08|00|06|04|00|02|38|97|d6|b4|e0|01|0a|aa|7f|fe|34|23|87|45|78|21|0a|aa|7b|e6|00|00|00|00|00|00|00|00|00|00|00|00|00|00|00|00|00|00|

+---------+---------------+----------+
00:16:14,861,836   ETHER
|0   |34|23|87|45|78|21|38|97|d6|b4|e0|01|08|06|00|01|08|00|06|04|00|02|38|97|d6|b4|e0|01|0a|aa|7f|fe|34|23|87|45|78|21|0a|aa|7b|e6|00|00|00|00|00|00|00|00|00|00|00|00|00|00|00|00|00|00|

+---------+---------------+----------+
00:16:15,098,270   ETHER
|0   |34|23|87|45|78|21|38|97|d6|b4|e0|01|08|06|00|01|08|00|06|04|00|02|38|97|d6|b4|e0|01|0a|aa|7f|fe|34|23|87|45|78|21|0a|aa|7b|e6|00|00|00|00|00|00|00|00|00|00|00|00|00|00|00|00|00|00|

+---------+---------------+----------+
00:16:15,206,993   ETHER
|0   |34|23|87|45|78|21|38|97|d6|b4|e0|01|08|06|00|01|08|00|06|04|00|02|38|97|d6|b4|e0|01|0a|aa|7f|fe|34|23|87|45|78|21|0a|aa|7b|e6|00|00|00|00|00|00|00|00|00|00|00|00|00|00|00|00|00|00|

+---------+---------------+----------+
00:16:15,296,028   ETHER
|0   |34|23|87|45|78|21|38|97|d6|b4|e0|01|08|06|00|01|08|00|06|04|00|02|38|97|d6|b4|e0|01|0a|aa|7f|fe|34|23|87|45|78|21|0a|aa|7b|e6|00|00|00|00|00|00|00|00|00|00|00|00|00|00|00|00|00|00|

+---------+---------------+----------+
00:16:15,411,259   ETHER
|0   |34|23|87|45|78|21|38|97|d6|b4|e0|01|08|06|00|01|08|00|06|04|00|02|38|97|d6|b4|e0|01|0a|aa|7f|fe|34|23|87|45|78|21|0a|aa|7b|e6|00|00|00|00|00|00|00|00|00|00|00|00|00|00|00|00|00|00|

+---------+---------------+----------+
00:16:15,524,119   ETHER
|0   |34|23|87|45|78|21|38|97|d6|b4|e0|01|08|06|00|01|08|00|06|04|00|02|38|97|d6|b4|e0|01|0a|aa|7f|fe|34|23|87|45|78|21|0a|aa|7b|e6|00|00|00|00|00|00|00|00|00|00|00|00|00|00|00|00|00|00|

+---------+---------------+----------+
00:16:15,616,603   ETHER
|0   |34|23|87|45|78|21|38|97|d6|b4|e0|01|08|06|00|01|08|00|06|04|00|02|38|97|d6|b4|e0|01|0a|aa|7f|fe|34|23|87|45|78|21|0a|aa|7b|e6|00|00|00|00|00|00|00|00|00|00|00|00|00|00|00|00|00|00|

+---------+---------------+----------+
00:16:15,651,557   ETHER
|0   |34|23|87|45|78|21|38|97|d6|b4|e0|01|08|06|00|01|08|00|06|04|00|02|38|97|d6|b4|e0|01|0a|aa|7f|fe|34|23|87|45|78|21|0a|aa|7b|e6|00|00|00|00|00|00|00|00|00|00|00|00|00|00|00|00|00|00|

+---------+---------------+----------+
00:16:15,719,122   ETHER
|0   |34|23|87|45|78|21|38|97|d6|b4|e0|01|08|06|00|01|08|00|06|04|00|02|38|97|d6|b4|e0|01|0a|aa|7f|fe|34|23|87|45|78|21|0a|aa|7b|e6|00|00|00|00|00|00|00|00|00|00|00|00|00|00|00|00|00|00|

+---------+---------------+----------+
00:16:15,821,393   ETHER
|0   |34|23|87|45|78|21|38|97|d6|b4|e0|01|08|06|00|01|08|00|06|04|00|02|38|97|d6|b4|e0|01|0a|aa|7f|fe|34|23|87|45|78|21|0a|aa|7b|e6|00|00|00|00|00|00|00|00|00|00|00|00|00|00|00|00|00|00|

+---------+---------------+----------+
00:16:15,923,729   ETHER
|0   |34|23|87|45|78|21|38|97|d6|b4|e0|01|08|06|00|01|08|00|06|04|00|02|38|97|d6|b4|e0|01|0a|aa|7f|fe|34|23|87|45|78|21|0a|aa|7b|e6|00|00|00|00|00|00|00|00|00|00|00|00|00|00|00|00|00|00|

+---------+---------------+----------+
00:16:16,026,196   ETHER
|0   |34|23|87|45|78|21|38|97|d6|b4|e0|01|08|06|00|01|08|00|06|04|00|02|38|97|d6|b4|e0|01|0a|aa|7f|fe|34|23|87|45|78|21|0a|aa|7b|e6|00|00|00|00|00|00|00|00|00|00|00|00|00|00|00|00|00|00|

+---------+---------------+----------+
00:16:16,128,596   ETHER
|0   |34|23|87|45|78|21|38|97|d6|b4|e0|01|08|06|00|01|08|00|06|04|00|02|38|97|d6|b4|e0|01|0a|aa|7f|fe|34|23|87|45|78|21|0a|aa|7b|e6|00|00|00|00|00|00|00|00|00|00|00|00|00|00|00|00|00|00|

+---------+---------------+----------+
00:16:16,231,048   ETHER
|0   |34|23|87|45|78|21|38|97|d6|b4|e0|01|08|06|00|01|08|00|06|04|00|02|38|97|d6|b4|e0|01|0a|aa|7f|fe|34|23|87|45|78|21|0a|aa|7b|e6|00|00|00|00|00|00|00|00|00|00|00|00|00|00|00|00|00|00|

+---------+---------------+----------+
00:16:16,333,449   ETHER
|0   |34|23|87|45|78|21|38|97|d6|b4|e0|01|08|06|00|01|08|00|06|04|00|02|38|97|d6|b4|e0|01|0a|aa|7f|fe|34|23|87|45|78|21|0a|aa|7b|e6|00|00|00|00|00|00|00|00|00|00|00|00|00|00|00|00|00|00|

+---------+---------------+----------+
00:16:16,435,855   ETHER
|0   |34|23|87|45|78|21|38|97|d6|b4|e0|01|08|06|00|01|08|00|06|04|00|02|38|97|d6|b4|e0|01|0a|aa|7f|fe|34|23|87|45|78|21|0a|aa|7b|e6|00|00|00|00|00|00|00|00|00|00|00|00|00|00|00|00|00|00|

+---------+---------------+----------+
00:16:16,538,252   ETHER
|0   |34|23|87|45|78|21|38|97|d6|b4|e0|01|08|06|00|01|08|00|06|04|00|02|38|97|d6|b4|e0|01|0a|aa|7f|fe|34|23|87|45|78|21|0a|aa|7b|e6|00|00|00|00|00|00|00|00|00|00|00|00|00|00|00|00|00|00|

+---------+---------------+----------+
00:16:16,641,466   ETHER
|0   |34|23|87|45|78|21|38|97|d6|b4|e0|01|08|06|00|01|08|00|06|04|00|02|38|97|d6|b4|e0|01|0a|aa|7f|fe|34|23|87|45|78|21|0a|aa|7b|e6|00|00|00|00|00|00|00|00|00|00|00|00|00|00|00|00|00|00|

+---------+---------------+----------+
00:16:16,743,111   ETHER
|0   |34|23|87|45|78|21|38|97|d6|b4|e0|01|08|06|00|01|08|00|06|04|00|02|38|97|d6|b4|e0|01|0a|aa|7f|fe|34|23|87|45|78|21|0a|aa|7b|e6|00|00|00|00|00|00|00|00|00|00|00|00|00|00|00|00|00|00|

+---------+---------------+----------+
00:16:16,845,468   ETHER
|0   |34|23|87|45|78|21|38|97|d6|b4|e0|01|08|06|00|01|08|00|06|04|00|02|38|97|d6|b4|e0|01|0a|aa|7f|fe|34|23|87|45|78|21|0a|aa|7b|e6|00|00|00|00|00|00|00|00|00|00|00|00|00|00|00|00|00|00|

+---------+---------------+----------+
00:16:16,947,357   ETHER
|0   |34|23|87|45|78|21|38|97|d6|b4|e0|01|08|06|00|01|08|00|06|04|00|02|38|97|d6|b4|e0|01|0a|aa|7f|fe|34|23|87|45|78|21|0a|aa|7b|e6|00|00|00|00|00|00|00|00|00|00|00|00|00|00|00|00|00|00|

+---------+---------------+----------+
00:16:17,049,775   ETHER
|0   |34|23|87|45|78|21|38|97|d6|b4|e0|01|08|06|00|01|08|00|06|04|00|02|38|97|d6|b4|e0|01|0a|aa|7f|fe|34|23|87|45|78|21|0a|aa|7b|e6|00|00|00|00|00|00|00|00|00|00|00|00|00|00|00|00|00|00|

+---------+---------------+----------+
00:16:17,152,624   ETHER
|0   |34|23|87|45|78|21|38|97|d6|b4|e0|01|08|06|00|01|08|00|06|04|00|02|38|97|d6|b4|e0|01|0a|aa|7f|fe|34|23|87|45|78|21|0a|aa|7b|e6|00|00|00|00|00|00|00|00|00|00|00|00|00|00|00|00|00|00|

+---------+---------------+----------+
00:16:17,255,027   ETHER
|0   |34|23|87|45|78|21|38|97|d6|b4|e0|01|08|06|00|01|08|00|06|04|00|02|38|97|d6|b4|e0|01|0a|aa|7f|fe|34|23|87|45|78|21|0a|aa|7b|e6|00|00|00|00|00|00|00|00|00|00|00|00|00|00|00|00|00|00|

+---------+---------------+----------+
00:16:17,357,479   ETHER
|0   |34|23|87|45|78|21|38|97|d6|b4|e0|01|08|06|00|01|08|00|06|04|00|02|38|97|d6|b4|e0|01|0a|aa|7f|fe|34|23|87|45|78|21|0a|aa|7b|e6|00|00|00|00|00|00|00|00|00|00|00|00|00|00|00|00|00|00|

+---------+---------------+----------+
00:16:17,459,883   ETHER
|0   |34|23|87|45|78|21|38|97|d6|b4|e0|01|08|06|00|01|08|00|06|04|00|02|38|97|d6|b4|e0|01|0a|aa|7f|fe|34|23|87|45|78|21|0a|aa|7b|e6|00|00|00|00|00|00|00|00|00|00|00|00|00|00|00|00|00|00|

+---------+---------------+----------+
00:16:17,562,191   ETHER
|0   |34|23|87|45|78|21|38|97|d6|b4|e0|01|08|06|00|01|08|00|06|04|00|02|38|97|d6|b4|e0|01|0a|aa|7f|fe|34|23|87|45|78|21|0a|aa|7b|e6|00|00|00|00|00|00|00|00|00|00|00|00|00|00|00|00|00|00|

+---------+---------------+----------+
00:16:17,664,685   ETHER
|0   |34|23|87|45|78|21|38|97|d6|b4|e0|01|08|06|00|01|08|00|06|04|00|02|38|97|d6|b4|e0|01|0a|aa|7f|fe|34|23|87|45|78|21|0a|aa|7b|e6|00|00|00|00|00|00|00|00|00|00|00|00|00|00|00|00|00|00|

+---------+---------------+----------+
00:16:17,767,063   ETHER
|0   |34|23|87|45|78|21|38|97|d6|b4|e0|01|08|06|00|01|08|00|06|04|00|02|38|97|d6|b4|e0|01|0a|aa|7f|fe|34|23|87|45|78|21|0a|aa|7b|e6|00|00|00|00|00|00|00|00|00|00|00|00|00|00|00|00|00|00|

+---------+---------------+----------+
00:16:17,869,448   ETHER
|0   |34|23|87|45|78|21|38|97|d6|b4|e0|01|08|06|00|01|08|00|06|04|00|02|38|97|d6|b4|e0|01|0a|aa|7f|fe|34|23|87|45|78|21|0a|aa|7b|e6|00|00|00|00|00|00|00|00|00|00|00|00|00|00|00|00|00|00|

