+---------+---------------+----------+
00:27:04,482,679   ETHER
|0   |34|23|87|45|78|21|38|97|d6|b4|e0|01|08|06|00|01|08|00|06|04|00|02|38|97|d6|b4|e0|01|0a|aa|7f|fe|34|23|87|45|78|21|0a|aa|7b|e6|00|00|00|00|00|00|00|00|00|00|00|00|00|00|00|00|00|00|

+---------+---------------+----------+
00:27:24,205,821   ETHER
|0   |34|23|87|45|78|21|38|97|d6|b4|e0|01|08|06|00|01|08|00|06|04|00|02|38|97|d6|b4|e0|01|0a|aa|7f|fe|34|23|87|45|78|21|0a|aa|7b|e6|00|00|00|00|00|00|00|00|00|00|00|00|00|00|00|00|00|00|

+---------+---------------+----------+
00:27:24,246,161   ETHER
|0   |34|23|87|45|78|21|38|97|d6|b4|e0|01|08|06|00|01|08|00|06|04|00|02|38|97|d6|b4|e0|01|0a|aa|7f|fe|34|23|87|45|78|21|0a|aa|7b|e6|00|00|00|00|00|00|00|00|00|00|00|00|00|00|00|00|00|00|

+---------+---------------+----------+
00:27:24,348,544   ETHER
|0   |34|23|87|45|78|21|38|97|d6|b4|e0|01|08|06|00|01|08|00|06|04|00|02|38|97|d6|b4|e0|01|0a|aa|7f|fe|34|23|87|45|78|21|0a|aa|7b|e6|00|00|00|00|00|00|00|00|00|00|00|00|00|00|00|00|00|00|

+---------+---------------+----------+
00:27:24,450,899   ETHER
|0   |34|23|87|45|78|21|38|97|d6|b4|e0|01|08|06|00|01|08|00|06|04|00|02|38|97|d6|b4|e0|01|0a|aa|7f|fe|34|23|87|45|78|21|0a|aa|7b|e6|00|00|00|00|00|00|00|00|00|00|00|00|00|00|00|00|00|00|

+---------+---------------+----------+
00:27:24,553,573   ETHER
|0   |34|23|87|45|78|21|38|97|d6|b4|e0|01|08|06|00|01|08|00|06|04|00|02|38|97|d6|b4|e0|01|0a|aa|7f|fe|34|23|87|45|78|21|0a|aa|7b|e6|00|00|00|00|00|00|00|00|00|00|00|00|00|00|00|00|00|00|

+---------+---------------+----------+
00:27:24,655,754   ETHER
|0   |34|23|87|45|78|21|38|97|d6|b4|e0|01|08|06|00|01|08|00|06|04|00|02|38|97|d6|b4|e0|01|0a|aa|7f|fe|34|23|87|45|78|21|0a|aa|7b|e6|00|00|00|00|00|00|00|00|00|00|00|00|00|00|00|00|00|00|

+---------+---------------+----------+
00:27:24,759,954   ETHER
|0   |34|23|87|45|78|21|38|97|d6|b4|e0|01|08|06|00|01|08|00|06|04|00|02|38|97|d6|b4|e0|01|0a|aa|7f|fe|34|23|87|45|78|21|0a|aa|7b|e6|00|00|00|00|00|00|00|00|00|00|00|00|00|00|00|00|00|00|

+---------+---------------+----------+
00:27:24,848,847   ETHER
|0   |34|23|87|45|78|21|38|97|d6|b4|e0|01|08|06|00|01|08|00|06|04|00|02|38|97|d6|b4|e0|01|0a|aa|7f|fe|34|23|87|45|78|21|0a|aa|7b|e6|00|00|00|00|00|00|00|00|00|00|00|00|00|00|00|00|00|00|

+---------+---------------+----------+
00:27:24,893,661   ETHER
|0   |34|23|87|45|78|21|38|97|d6|b4|e0|01|08|06|00|01|08|00|06|04|00|02|38|97|d6|b4|e0|01|0a|aa|7f|fe|34|23|87|45|78|21|0a|aa|7b|e6|00|00|00|00|00|00|00|00|00|00|00|00|00|00|00|00|00|00|

+---------+---------------+----------+
00:27:24,938,713   ETHER
|0   |34|23|87|45|78|21|38|97|d6|b4|e0|01|08|06|00|01|08|00|06|04|00|02|38|97|d6|b4|e0|01|0a|aa|7f|fe|34|23|87|45|78|21|0a|aa|7b|e6|00|00|00|00|00|00|00|00|00|00|00|00|00|00|00|00|00|00|

+---------+---------------+----------+
00:27:25,032,267   ETHER
|0   |34|23|87|45|78|21|38|97|d6|b4|e0|01|08|06|00|01|08|00|06|04|00|02|38|97|d6|b4|e0|01|0a|aa|7f|fe|34|23|87|45|78|21|0a|aa|7b|e6|00|00|00|00|00|00|00|00|00|00|00|00|00|00|00|00|00|00|

+---------+---------------+----------+
00:27:25,074,084   ETHER
|0   |34|23|87|45|78|21|38|97|d6|b4|e0|01|08|06|00|01|08|00|06|04|00|02|38|97|d6|b4|e0|01|0a|aa|7f|fe|34|23|87|45|78|21|0a|aa|7b|e6|00|00|00|00|00|00|00|00|00|00|00|00|00|00|00|00|00|00|

+---------+---------------+----------+
00:27:25,167,760   ETHER
|0   |34|23|87|45|78|21|38|97|d6|b4|e0|01|08|06|00|01|08|00|06|04|00|02|38|97|d6|b4|e0|01|0a|aa|7f|fe|34|23|87|45|78|21|0a|aa|7b|e6|00|00|00|00|00|00|00|00|00|00|00|00|00|00|00|00|00|00|

+---------+---------------+----------+
00:27:25,270,117   ETHER
|0   |34|23|87|45|78|21|38|97|d6|b4|e0|01|08|06|00|01|08|00|06|04|00|02|38|97|d6|b4|e0|01|0a|aa|7f|fe|34|23|87|45|78|21|0a|aa|7b|e6|00|00|00|00|00|00|00|00|00|00|00|00|00|00|00|00|00|00|

+---------+---------------+----------+
00:27:25,372,485   ETHER
|0   |34|23|87|45|78|21|38|97|d6|b4|e0|01|08|06|00|01|08|00|06|04|00|02|38|97|d6|b4|e0|01|0a|aa|7f|fe|34|23|87|45|78|21|0a|aa|7b|e6|00|00|00|00|00|00|00|00|00|00|00|00|00|00|00|00|00|00|

+---------+---------------+----------+
00:27:25,475,856   ETHER
|0   |34|23|87|45|78|21|38|97|d6|b4|e0|01|08|06|00|01|08|00|06|04|00|02|38|97|d6|b4|e0|01|0a|aa|7f|fe|34|23|87|45|78|21|0a|aa|7b|e6|00|00|00|00|00|00|00|00|00|00|00|00|00|00|00|00|00|00|

+---------+---------------+----------+
00:27:25,577,320   ETHER
|0   |34|23|87|45|78|21|38|97|d6|b4|e0|01|08|06|00|01|08|00|06|04|00|02|38|97|d6|b4|e0|01|0a|aa|7f|fe|34|23|87|45|78|21|0a|aa|7b|e6|00|00|00|00|00|00|00|00|00|00|00|00|00|00|00|00|00|00|

+---------+---------------+----------+
00:27:25,679,706   ETHER
|0   |34|23|87|45|78|21|38|97|d6|b4|e0|01|08|06|00|01|08|00|06|04|00|02|38|97|d6|b4|e0|01|0a|aa|7f|fe|34|23|87|45|78|21|0a|aa|7b|e6|00|00|00|00|00|00|00|00|00|00|00|00|00|00|00|00|00|00|

+---------+---------------+----------+
00:27:25,782,055   ETHER
|0   |34|23|87|45|78|21|38|97|d6|b4|e0|01|08|06|00|01|08|00|06|04|00|02|38|97|d6|b4|e0|01|0a|aa|7f|fe|34|23|87|45|78|21|0a|aa|7b|e6|00|00|00|00|00|00|00|00|00|00|00|00|00|00|00|00|00|00|

+---------+---------------+----------+
00:27:25,818,876   ETHER
|0   |34|23|87|45|78|21|38|97|d6|b4|e0|01|08|06|00|01|08|00|06|04|00|02|38|97|d6|b4|e0|01|0a|aa|7f|fe|34|23|87|45|78|21|0a|aa|7b|e6|00|00|00|00|00|00|00|00|00|00|00|00|00|00|00|00|00|00|

+---------+---------------+----------+
00:27:25,884,512   ETHER
|0   |34|23|87|45|78|21|38|97|d6|b4|e0|01|08|06|00|01|08|00|06|04|00|02|38|97|d6|b4|e0|01|0a|aa|7f|fe|34|23|87|45|78|21|0a|aa|7b|e6|00|00|00|00|00|00|00|00|00|00|00|00|00|00|00|00|00|00|

+---------+---------------+----------+
00:27:25,986,870   ETHER
|0   |34|23|87|45|78|21|38|97|d6|b4|e0|01|08|06|00|01|08|00|06|04|00|02|38|97|d6|b4|e0|01|0a|aa|7f|fe|34|23|87|45|78|21|0a|aa|7b|e6|00|00|00|00|00|00|00|00|00|00|00|00|00|00|00|00|00|00|

+---------+---------------+----------+
00:27:26,089,319   ETHER
|0   |34|23|87|45|78|21|38|97|d6|b4|e0|01|08|06|00|01|08|00|06|04|00|02|38|97|d6|b4|e0|01|0a|aa|7f|fe|34|23|87|45|78|21|0a|aa|7b|e6|00|00|00|00|00|00|00|00|00|00|00|00|00|00|00|00|00|00|

+---------+---------------+----------+
00:27:26,192,615   ETHER
|0   |34|23|87|45|78|21|38|97|d6|b4|e0|01|08|06|00|01|08|00|06|04|00|02|38|97|d6|b4|e0|01|0a|aa|7f|fe|34|23|87|45|78|21|0a|aa|7b|e6|00|00|00|00|00|00|00|00|00|00|00|00|00|00|00|00|00|00|

+---------+---------------+----------+
00:27:26,294,413   ETHER
|0   |34|23|87|45|78|21|38|97|d6|b4|e0|01|08|06|00|01|08|00|06|04|00|02|38|97|d6|b4|e0|01|0a|aa|7f|fe|34|23|87|45|78|21|0a|aa|7b|e6|00|00|00|00|00|00|00|00|00|00|00|00|00|00|00|00|00|00|

+---------+---------------+----------+
00:27:26,396,516   ETHER
|0   |34|23|87|45|78|21|38|97|d6|b4|e0|01|08|06|00|01|08|00|06|04|00|02|38|97|d6|b4|e0|01|0a|aa|7f|fe|34|23|87|45|78|21|0a|aa|7b|e6|00|00|00|00|00|00|00|00|00|00|00|00|00|00|00|00|00|00|

+---------+---------------+----------+
00:27:26,498,922   ETHER
|0   |34|23|87|45|78|21|38|97|d6|b4|e0|01|08|06|00|01|08|00|06|04|00|02|38|97|d6|b4|e0|01|0a|aa|7f|fe|34|23|87|45|78|21|0a|aa|7b|e6|00|00|00|00|00|00|00|00|00|00|00|00|00|00|00|00|00|00|

+---------+---------------+----------+
00:27:26,601,306   ETHER
|0   |34|23|87|45|78|21|38|97|d6|b4|e0|01|08|06|00|01|08|00|06|04|00|02|38|97|d6|b4|e0|01|0a|aa|7f|fe|34|23|87|45|78|21|0a|aa|7b|e6|00|00|00|00|00|00|00|00|00|00|00|00|00|00|00|00|00|00|

+---------+---------------+----------+
00:27:26,703,726   ETHER
|0   |34|23|87|45|78|21|38|97|d6|b4|e0|01|08|06|00|01|08|00|06|04|00|02|38|97|d6|b4|e0|01|0a|aa|7f|fe|34|23|87|45|78|21|0a|aa|7b|e6|00|00|00|00|00|00|00|00|00|00|00|00|00|00|00|00|00|00|

+---------+---------------+----------+
00:27:26,806,163   ETHER
|0   |34|23|87|45|78|21|38|97|d6|b4|e0|01|08|06|00|01|08|00|06|04|00|02|38|97|d6|b4|e0|01|0a|aa|7f|fe|34|23|87|45|78|21|0a|aa|7b|e6|00|00|00|00|00|00|00|00|00|00|00|00|00|00|00|00|00|00|

+---------+---------------+----------+
00:27:26,908,571   ETHER
|0   |34|23|87|45|78|21|38|97|d6|b4|e0|01|08|06|00|01|08|00|06|04|00|02|38|97|d6|b4|e0|01|0a|aa|7f|fe|34|23|87|45|78|21|0a|aa|7b|e6|00|00|00|00|00|00|00|00|00|00|00|00|00|00|00|00|00|00|

+---------+---------------+----------+
00:27:27,010,923   ETHER
|0   |34|23|87|45|78|21|38|97|d6|b4|e0|01|08|06|00|01|08|00|06|04|00|02|38|97|d6|b4|e0|01|0a|aa|7f|fe|34|23|87|45|78|21|0a|aa|7b|e6|00|00|00|00|00|00|00|00|00|00|00|00|00|00|00|00|00|00|

+---------+---------------+----------+
00:27:27,113,332   ETHER
|0   |34|23|87|45|78|21|38|97|d6|b4|e0|01|08|06|00|01|08|00|06|04|00|02|38|97|d6|b4|e0|01|0a|aa|7f|fe|34|23|87|45|78|21|0a|aa|7b|e6|00|00|00|00|00|00|00|00|00|00|00|00|00|00|00|00|00|00|

+---------+---------------+----------+
00:27:27,165,036   ETHER
|0   |34|23|87|45|78|21|38|97|d6|b4|e0|01|08|06|00|01|08|00|06|04|00|02|38|97|d6|b4|e0|01|0a|aa|7f|fe|34|23|87|45|78|21|0a|aa|7b|e6|00|00|00|00|00|00|00|00|00|00|00|00|00|00|00|00|00|00|

+---------+---------------+----------+
00:27:27,215,775   ETHER
|0   |34|23|87|45|78|21|38|97|d6|b4|e0|01|08|06|00|01|08|00|06|04|00|02|38|97|d6|b4|e0|01|0a|aa|7f|fe|34|23|87|45|78|21|0a|aa|7b|e6|00|00|00|00|00|00|00|00|00|00|00|00|00|00|00|00|00|00|

+---------+---------------+----------+
00:27:27,296,337   ETHER
|0   |34|23|87|45|78|21|38|97|d6|b4|e0|01|08|06|00|01|08|00|06|04|00|02|38|97|d6|b4|e0|01|0a|aa|7f|fe|34|23|87|45|78|21|0a|aa|7b|e6|00|00|00|00|00|00|00|00|00|00|00|00|00|00|00|00|00|00|

+---------+---------------+----------+
00:27:27,421,294   ETHER
|0   |34|23|87|45|78|21|38|97|d6|b4|e0|01|08|06|00|01|08|00|06|04|00|02|38|97|d6|b4|e0|01|0a|aa|7f|fe|34|23|87|45|78|21|0a|aa|7b|e6|00|00|00|00|00|00|00|00|00|00|00|00|00|00|00|00|00|00|

+---------+---------------+----------+
00:27:27,519,985   ETHER
|0   |34|23|87|45|78|21|38|97|d6|b4|e0|01|08|06|00|01|08|00|06|04|00|02|38|97|d6|b4|e0|01|0a|aa|7f|fe|34|23|87|45|78|21|0a|aa|7b|e6|00|00|00|00|00|00|00|00|00|00|00|00|00|00|00|00|00|00|

+---------+---------------+----------+
00:27:27,625,379   ETHER
|0   |34|23|87|45|78|21|38|97|d6|b4|e0|01|08|06|00|01|08|00|06|04|00|02|38|97|d6|b4|e0|01|0a|aa|7f|fe|34|23|87|45|78|21|0a|aa|7b|e6|00|00|00|00|00|00|00|00|00|00|00|00|00|00|00|00|00|00|

+---------+---------------+----------+
00:27:27,727,148   ETHER
|0   |34|23|87|45|78|21|38|97|d6|b4|e0|01|08|06|00|01|08|00|06|04|00|02|38|97|d6|b4|e0|01|0a|aa|7f|fe|34|23|87|45|78|21|0a|aa|7b|e6|00|00|00|00|00|00|00|00|00|00|00|00|00|00|00|00|00|00|

+---------+---------------+----------+
00:27:27,830,133   ETHER
|0   |34|23|87|45|78|21|38|97|d6|b4|e0|01|08|06|00|01|08|00|06|04|00|02|38|97|d6|b4|e0|01|0a|aa|7f|fe|34|23|87|45|78|21|0a|aa|7b|e6|00|00|00|00|00|00|00|00|00|00|00|00|00|00|00|00|00|00|

+---------+---------------+----------+
00:27:27,917,931   ETHER
|0   |34|23|87|45|78|21|38|97|d6|b4|e0|01|08|06|00|01|08|00|06|04|00|02|38|97|d6|b4|e0|01|0a|aa|7f|fe|34|23|87|45|78|21|0a|aa|7b|e6|00|00|00|00|00|00|00|00|00|00|00|00|00|00|00|00|00|00|

+---------+---------------+----------+
00:27:28,015,287   ETHER
|0   |34|23|87|45|78|21|38|97|d6|b4|e0|01|08|06|00|01|08|00|06|04|00|02|38|97|d6|b4|e0|01|0a|aa|7f|fe|34|23|87|45|78|21|0a|aa|7b|e6|00|00|00|00|00|00|00|00|00|00|00|00|00|00|00|00|00|00|

+---------+---------------+----------+
00:27:28,107,144   ETHER
|0   |34|23|87|45|78|21|38|97|d6|b4|e0|01|08|06|00|01|08|00|06|04|00|02|38|97|d6|b4|e0|01|0a|aa|7f|fe|34|23|87|45|78|21|0a|aa|7b|e6|00|00|00|00|00|00|00|00|00|00|00|00|00|00|00|00|00|00|

+---------+---------------+----------+
00:27:28,207,163   ETHER
|0   |34|23|87|45|78|21|38|97|d6|b4|e0|01|08|06|00|01|08|00|06|04|00|02|38|97|d6|b4|e0|01|0a|aa|7f|fe|34|23|87|45|78|21|0a|aa|7b|e6|00|00|00|00|00|00|00|00|00|00|00|00|00|00|00|00|00|00|

+---------+---------------+----------+
00:27:28,304,017   ETHER
|0   |34|23|87|45|78|21|38|97|d6|b4|e0|01|08|06|00|01|08|00|06|04|00|02|38|97|d6|b4|e0|01|0a|aa|7f|fe|34|23|87|45|78|21|0a|aa|7b|e6|00|00|00|00|00|00|00|00|00|00|00|00|00|00|00|00|00|00|

+---------+---------------+----------+
00:27:28,444,082   ETHER
|0   |34|23|87|45|78|21|38|97|d6|b4|e0|01|08|06|00|01|08|00|06|04|00|02|38|97|d6|b4|e0|01|0a|aa|7f|fe|34|23|87|45|78|21|0a|aa|7b|e6|00|00|00|00|00|00|00|00|00|00|00|00|00|00|00|00|00|00|

+---------+---------------+----------+
00:27:28,546,933   ETHER
|0   |34|23|87|45|78|21|38|97|d6|b4|e0|01|08|06|00|01|08|00|06|04|00|02|38|97|d6|b4|e0|01|0a|aa|7f|fe|34|23|87|45|78|21|0a|aa|7b|e6|00|00|00|00|00|00|00|00|00|00|00|00|00|00|00|00|00|00|

+---------+---------------+----------+
00:27:28,649,394   ETHER
|0   |34|23|87|45|78|21|38|97|d6|b4|e0|01|08|06|00|01|08|00|06|04|00|02|38|97|d6|b4|e0|01|0a|aa|7f|fe|34|23|87|45|78|21|0a|aa|7b|e6|00|00|00|00|00|00|00|00|00|00|00|00|00|00|00|00|00|00|

+---------+---------------+----------+
00:27:28,723,216   ETHER
|0   |34|23|87|45|78|21|38|97|d6|b4|e0|01|08|06|00|01|08|00|06|04|00|02|38|97|d6|b4|e0|01|0a|aa|7f|fe|34|23|87|45|78|21|0a|aa|7b|e6|00|00|00|00|00|00|00|00|00|00|00|00|00|00|00|00|00|00|

+---------+---------------+----------+
00:27:28,801,732   ETHER
|0   |34|23|87|45|78|21|38|97|d6|b4|e0|01|08|06|00|01|08|00|06|04|00|02|38|97|d6|b4|e0|01|0a|aa|7f|fe|34|23|87|45|78|21|0a|aa|7b|e6|00|00|00|00|00|00|00|00|00|00|00|00|00|00|00|00|00|00|

+---------+---------------+----------+
00:27:28,855,915   ETHER
|0   |34|23|87|45|78|21|38|97|d6|b4|e0|01|08|06|00|01|08|00|06|04|00|02|38|97|d6|b4|e0|01|0a|aa|7f|fe|34|23|87|45|78|21|0a|aa|7b|e6|00|00|00|00|00|00|00|00|00|00|00|00|00|00|00|00|00|00|

+---------+---------------+----------+
00:27:28,956,550   ETHER
|0   |34|23|87|45|78|21|38|97|d6|b4|e0|01|08|06|00|01|08|00|06|04|00|02|38|97|d6|b4|e0|01|0a|aa|7f|fe|34|23|87|45|78|21|0a|aa|7b|e6|00|00|00|00|00|00|00|00|00|00|00|00|00|00|00|00|00|00|

+---------+---------------+----------+
00:27:29,058,951   ETHER
|0   |34|23|87|45|78|21|38|97|d6|b4|e0|01|08|06|00|01|08|00|06|04|00|02|38|97|d6|b4|e0|01|0a|aa|7f|fe|34|23|87|45|78|21|0a|aa|7b|e6|00|00|00|00|00|00|00|00|00|00|00|00|00|00|00|00|00|00|

+---------+---------------+----------+
00:27:29,161,323   ETHER
|0   |34|23|87|45|78|21|38|97|d6|b4|e0|01|08|06|00|01|08|00|06|04|00|02|38|97|d6|b4|e0|01|0a|aa|7f|fe|34|23|87|45|78|21|0a|aa|7b|e6|00|00|00|00|00|00|00|00|00|00|00|00|00|00|00|00|00|00|

+---------+---------------+----------+
00:27:29,247,713   ETHER
|0   |34|23|87|45|78|21|38|97|d6|b4|e0|01|08|06|00|01|08|00|06|04|00|02|38|97|d6|b4|e0|01|0a|aa|7f|fe|34|23|87|45|78|21|0a|aa|7b|e6|00|00|00|00|00|00|00|00|00|00|00|00|00|00|00|00|00|00|

+---------+---------------+----------+
00:27:29,297,453   ETHER
|0   |34|23|87|45|78|21|38|97|d6|b4|e0|01|08|06|00|01|08|00|06|04|00|02|38|97|d6|b4|e0|01|0a|aa|7f|fe|34|23|87|45|78|21|0a|aa|7b|e6|00|00|00|00|00|00|00|00|00|00|00|00|00|00|00|00|00|00|

+---------+---------------+----------+
00:27:29,365,647   ETHER
|0   |34|23|87|45|78|21|38|97|d6|b4|e0|01|08|06|00|01|08|00|06|04|00|02|38|97|d6|b4|e0|01|0a|aa|7f|fe|34|23|87|45|78|21|0a|aa|7b|e6|00|00|00|00|00|00|00|00|00|00|00|00|00|00|00|00|00|00|

+---------+---------------+----------+
00:27:29,398,721   ETHER
|0   |34|23|87|45|78|21|38|97|d6|b4|e0|01|08|06|00|01|08|00|06|04|00|02|38|97|d6|b4|e0|01|0a|aa|7f|fe|34|23|87|45|78|21|0a|aa|7b|e6|00|00|00|00|00|00|00|00|00|00|00|00|00|00|00|00|00|00|

+---------+---------------+----------+
00:27:29,442,708   ETHER
|0   |34|23|87|45|78|21|38|97|d6|b4|e0|01|08|06|00|01|08|00|06|04|00|02|38|97|d6|b4|e0|01|0a|aa|7f|fe|34|23|87|45|78|21|0a|aa|7b|e6|00|00|00|00|00|00|00|00|00|00|00|00|00|00|00|00|00|00|

+---------+---------------+----------+
00:27:29,491,944   ETHER
|0   |34|23|87|45|78|21|38|97|d6|b4|e0|01|08|06|00|01|08|00|06|04|00|02|38|97|d6|b4|e0|01|0a|aa|7f|fe|34|23|87|45|78|21|0a|aa|7b|e6|00|00|00|00|00|00|00|00|00|00|00|00|00|00|00|00|00|00|

+---------+---------------+----------+
00:27:29,570,483   ETHER
|0   |34|23|87|45|78|21|38|97|d6|b4|e0|01|08|06|00|01|08|00|06|04|00|02|38|97|d6|b4|e0|01|0a|aa|7f|fe|34|23|87|45|78|21|0a|aa|7b|e6|00|00|00|00|00|00|00|00|00|00|00|00|00|00|00|00|00|00|

+---------+---------------+----------+
00:27:29,628,604   ETHER
|0   |34|23|87|45|78|21|38|97|d6|b4|e0|01|08|06|00|01|08|00|06|04|00|02|38|97|d6|b4|e0|01|0a|aa|7f|fe|34|23|87|45|78|21|0a|aa|7b|e6|00|00|00|00|00|00|00|00|00|00|00|00|00|00|00|00|00|00|

+---------+---------------+----------+
00:27:29,750,674   ETHER
|0   |34|23|87|45|78|21|38|97|d6|b4|e0|01|08|06|00|01|08|00|06|04|00|02|38|97|d6|b4|e0|01|0a|aa|7f|fe|34|23|87|45|78|21|0a|aa|7b|e6|00|00|00|00|00|00|00|00|00|00|00|00|00|00|00|00|00|00|

+---------+---------------+----------+
00:27:29,791,926   ETHER
|0   |34|23|87|45|78|21|38|97|d6|b4|e0|01|08|06|00|01|08|00|06|04|00|02|38|97|d6|b4|e0|01|0a|aa|7f|fe|34|23|87|45|78|21|0a|aa|7b|e6|00|00|00|00|00|00|00|00|00|00|00|00|00|00|00|00|00|00|

+---------+---------------+----------+
00:27:29,836,244   ETHER
|0   |34|23|87|45|78|21|38|97|d6|b4|e0|01|08|06|00|01|08|00|06|04|00|02|38|97|d6|b4|e0|01|0a|aa|7f|fe|34|23|87|45|78|21|0a|aa|7b|e6|00|00|00|00|00|00|00|00|00|00|00|00|00|00|00|00|00|00|

+---------+---------------+----------+
00:27:29,898,126   ETHER
|0   |34|23|87|45|78|21|38|97|d6|b4|e0|01|08|06|00|01|08|00|06|04|00|02|38|97|d6|b4|e0|01|0a|aa|7f|fe|34|23|87|45|78|21|0a|aa|7b|e6|00|00|00|00|00|00|00|00|00|00|00|00|00|00|00|00|00|00|

+---------+---------------+----------+
00:27:30,058,659   ETHER
|0   |34|23|87|45|78|21|38|97|d6|b4|e0|01|08|06|00|01|08|00|06|04|00|02|38|97|d6|b4|e0|01|0a|aa|7f|fe|34|23|87|45|78|21|0a|aa|7b|e6|00|00|00|00|00|00|00|00|00|00|00|00|00|00|00|00|00|00|

+---------+---------------+----------+
00:27:30,185,463   ETHER
|0   |34|23|87|45|78|21|38|97|d6|b4|e0|01|08|06|00|01|08|00|06|04|00|02|38|97|d6|b4|e0|01|0a|aa|7f|fe|34|23|87|45|78|21|0a|aa|7b|e6|00|00|00|00|00|00|00|00|00|00|00|00|00|00|00|00|00|00|

+---------+---------------+----------+
00:27:30,288,063   ETHER
|0   |34|23|87|45|78|21|38|97|d6|b4|e0|01|08|06|00|01|08|00|06|04|00|02|38|97|d6|b4|e0|01|0a|aa|7f|fe|34|23|87|45|78|21|0a|aa|7b|e6|00|00|00|00|00|00|00|00|00|00|00|00|00|00|00|00|00|00|

+---------+---------------+----------+
00:27:30,390,169   ETHER
|0   |34|23|87|45|78|21|38|97|d6|b4|e0|01|08|06|00|01|08|00|06|04|00|02|38|97|d6|b4|e0|01|0a|aa|7f|fe|34|23|87|45|78|21|0a|aa|7b|e6|00|00|00|00|00|00|00|00|00|00|00|00|00|00|00|00|00|00|

+---------+---------------+----------+
00:27:30,492,506   ETHER
|0   |34|23|87|45|78|21|38|97|d6|b4|e0|01|08|06|00|01|08|00|06|04|00|02|38|97|d6|b4|e0|01|0a|aa|7f|fe|34|23|87|45|78|21|0a|aa|7b|e6|00|00|00|00|00|00|00|00|00|00|00|00|00|00|00|00|00|00|

+---------+---------------+----------+
00:27:30,594,497   ETHER
|0   |34|23|87|45|78|21|38|97|d6|b4|e0|01|08|06|00|01|08|00|06|04|00|02|38|97|d6|b4|e0|01|0a|aa|7f|fe|34|23|87|45|78|21|0a|aa|7b|e6|00|00|00|00|00|00|00|00|00|00|00|00|00|00|00|00|00|00|

+---------+---------------+----------+
00:27:30,652,727   ETHER
|0   |34|23|87|45|78|21|38|97|d6|b4|e0|01|08|06|00|01|08|00|06|04|00|02|38|97|d6|b4|e0|01|0a|aa|7f|fe|34|23|87|45|78|21|0a|aa|7b|e6|00|00|00|00|00|00|00|00|00|00|00|00|00|00|00|00|00|00|

+---------+---------------+----------+
00:27:30,707,766   ETHER
|0   |34|23|87|45|78|21|38|97|d6|b4|e0|01|08|06|00|01|08|00|06|04|00|02|38|97|d6|b4|e0|01|0a|aa|7f|fe|34|23|87|45|78|21|0a|aa|7b|e6|00|00|00|00|00|00|00|00|00|00|00|00|00|00|00|00|00|00|

+---------+---------------+----------+
00:27:30,847,225   ETHER
|0   |34|23|87|45|78|21|38|97|d6|b4|e0|01|08|06|00|01|08|00|06|04|00|02|38|97|d6|b4|e0|01|0a|aa|7f|fe|34|23|87|45|78|21|0a|aa|7b|e6|00|00|00|00|00|00|00|00|00|00|00|00|00|00|00|00|00|00|

+---------+---------------+----------+
00:27:31,106,435   ETHER
|0   |34|23|87|45|78|21|38|97|d6|b4|e0|01|08|06|00|01|08|00|06|04|00|02|38|97|d6|b4|e0|01|0a|aa|7f|fe|34|23|87|45|78|21|0a|aa|7b|e6|00|00|00|00|00|00|00|00|00|00|00|00|00|00|00|00|00|00|

+---------+---------------+----------+
00:27:31,209,371   ETHER
|0   |34|23|87|45|78|21|38|97|d6|b4|e0|01|08|06|00|01|08|00|06|04|00|02|38|97|d6|b4|e0|01|0a|aa|7f|fe|34|23|87|45|78|21|0a|aa|7b|e6|00|00|00|00|00|00|00|00|00|00|00|00|00|00|00|00|00|00|

+---------+---------------+----------+
00:27:31,270,963   ETHER
|0   |34|23|87|45|78|21|38|97|d6|b4|e0|01|08|06|00|01|08|00|06|04|00|02|38|97|d6|b4|e0|01|0a|aa|7f|fe|34|23|87|45|78|21|0a|aa|7b|e6|00|00|00|00|00|00|00|00|00|00|00|00|00|00|00|00|00|00|

+---------+---------------+----------+
00:27:31,312,972   ETHER
|0   |34|23|87|45|78|21|38|97|d6|b4|e0|01|08|06|00|01|08|00|06|04|00|02|38|97|d6|b4|e0|01|0a|aa|7f|fe|34|23|87|45|78|21|0a|aa|7b|e6|00|00|00|00|00|00|00|00|00|00|00|00|00|00|00|00|00|00|

+---------+---------------+----------+
00:27:31,416,158   ETHER
|0   |34|23|87|45|78|21|38|97|d6|b4|e0|01|08|06|00|01|08|00|06|04|00|02|38|97|d6|b4|e0|01|0a|aa|7f|fe|34|23|87|45|78|21|0a|aa|7b|e6|00|00|00|00|00|00|00|00|00|00|00|00|00|00|00|00|00|00|

+---------+---------------+----------+
00:27:31,516,583   ETHER
|0   |34|23|87|45|78|21|38|97|d6|b4|e0|01|08|06|00|01|08|00|06|04|00|02|38|97|d6|b4|e0|01|0a|aa|7f|fe|34|23|87|45|78|21|0a|aa|7b|e6|00|00|00|00|00|00|00|00|00|00|00|00|00|00|00|00|00|00|

+---------+---------------+----------+
00:27:31,619,028   ETHER
|0   |34|23|87|45|78|21|38|97|d6|b4|e0|01|08|06|00|01|08|00|06|04|00|02|38|97|d6|b4|e0|01|0a|aa|7f|fe|34|23|87|45|78|21|0a|aa|7b|e6|00|00|00|00|00|00|00|00|00|00|00|00|00|00|00|00|00|00|

+---------+---------------+----------+
00:27:31,720,953   ETHER
|0   |34|23|87|45|78|21|38|97|d6|b4|e0|01|08|06|00|01|08|00|06|04|00|02|38|97|d6|b4|e0|01|0a|aa|7f|fe|34|23|87|45|78|21|0a|aa|7b|e6|00|00|00|00|00|00|00|00|00|00|00|00|00|00|00|00|00|00|

+---------+---------------+----------+
00:27:31,823,897   ETHER
|0   |34|23|87|45|78|21|38|97|d6|b4|e0|01|08|06|00|01|08|00|06|04|00|02|38|97|d6|b4|e0|01|0a|aa|7f|fe|34|23|87|45|78|21|0a|aa|7b|e6|00|00|00|00|00|00|00|00|00|00|00|00|00|00|00|00|00|00|

+---------+---------------+----------+
00:27:31,918,153   ETHER
|0   |34|23|87|45|78|21|38|97|d6|b4|e0|01|08|06|00|01|08|00|06|04|00|02|38|97|d6|b4|e0|01|0a|aa|7f|fe|34|23|87|45|78|21|0a|aa|7b|e6|00|00|00|00|00|00|00|00|00|00|00|00|00|00|00|00|00|00|

+---------+---------------+----------+
00:27:31,991,338   ETHER
|0   |34|23|87|45|78|21|38|97|d6|b4|e0|01|08|06|00|01|08|00|06|04|00|02|38|97|d6|b4|e0|01|0a|aa|7f|fe|34|23|87|45|78|21|0a|aa|7b|e6|00|00|00|00|00|00|00|00|00|00|00|00|00|00|00|00|00|00|

+---------+---------------+----------+
00:27:32,097,425   ETHER
|0   |34|23|87|45|78|21|38|97|d6|b4|e0|01|08|06|00|01|08|00|06|04|00|02|38|97|d6|b4|e0|01|0a|aa|7f|fe|34|23|87|45|78|21|0a|aa|7b|e6|00|00|00|00|00|00|00|00|00|00|00|00|00|00|00|00|00|00|

+---------+---------------+----------+
00:27:32,335,786   ETHER
|0   |34|23|87|45|78|21|38|97|d6|b4|e0|01|08|06|00|01|08|00|06|04|00|02|38|97|d6|b4|e0|01|0a|aa|7f|fe|34|23|87|45|78|21|0a|aa|7b|e6|00|00|00|00|00|00|00|00|00|00|00|00|00|00|00|00|00|00|

+---------+---------------+----------+
00:27:32,437,694   ETHER
|0   |34|23|87|45|78|21|38|97|d6|b4|e0|01|08|06|00|01|08|00|06|04|00|02|38|97|d6|b4|e0|01|0a|aa|7f|fe|34|23|87|45|78|21|0a|aa|7b|e6|00|00|00|00|00|00|00|00|00|00|00|00|00|00|00|00|00|00|

+---------+---------------+----------+
00:27:32,542,894   ETHER
|0   |34|23|87|45|78|21|38|97|d6|b4|e0|01|08|06|00|01|08|00|06|04|00|02|38|97|d6|b4|e0|01|0a|aa|7f|fe|34|23|87|45|78|21|0a|aa|7b|e6|00|00|00|00|00|00|00|00|00|00|00|00|00|00|00|00|00|00|

+---------+---------------+----------+
00:27:32,643,153   ETHER
|0   |34|23|87|45|78|21|38|97|d6|b4|e0|01|08|06|00|01|08|00|06|04|00|02|38|97|d6|b4|e0|01|0a|aa|7f|fe|34|23|87|45|78|21|0a|aa|7b|e6|00|00|00|00|00|00|00|00|00|00|00|00|00|00|00|00|00|00|

+---------+---------------+----------+
00:27:32,745,329   ETHER
|0   |34|23|87|45|78|21|38|97|d6|b4|e0|01|08|06|00|01|08|00|06|04|00|02|38|97|d6|b4|e0|01|0a|aa|7f|fe|34|23|87|45|78|21|0a|aa|7b|e6|00|00|00|00|00|00|00|00|00|00|00|00|00|00|00|00|00|00|

+---------+---------------+----------+
00:27:32,847,742   ETHER
|0   |34|23|87|45|78|21|38|97|d6|b4|e0|01|08|06|00|01|08|00|06|04|00|02|38|97|d6|b4|e0|01|0a|aa|7f|fe|34|23|87|45|78|21|0a|aa|7b|e6|00|00|00|00|00|00|00|00|00|00|00|00|00|00|00|00|00|00|

+---------+---------------+----------+
00:27:32,951,287   ETHER
|0   |34|23|87|45|78|21|38|97|d6|b4|e0|01|08|06|00|01|08|00|06|04|00|02|38|97|d6|b4|e0|01|0a|aa|7f|fe|34|23|87|45|78|21|0a|aa|7b|e6|00|00|00|00|00|00|00|00|00|00|00|00|00|00|00|00|00|00|

+---------+---------------+----------+
00:27:33,052,642   ETHER
|0   |34|23|87|45|78|21|38|97|d6|b4|e0|01|08|06|00|01|08|00|06|04|00|02|38|97|d6|b4|e0|01|0a|aa|7f|fe|34|23|87|45|78|21|0a|aa|7b|e6|00|00|00|00|00|00|00|00|00|00|00|00|00|00|00|00|00|00|

+---------+---------------+----------+
00:27:33,155,046   ETHER
|0   |34|23|87|45|78|21|38|97|d6|b4|e0|01|08|06|00|01|08|00|06|04|00|02|38|97|d6|b4|e0|01|0a|aa|7f|fe|34|23|87|45|78|21|0a|aa|7b|e6|00|00|00|00|00|00|00|00|00|00|00|00|00|00|00|00|00|00|

+---------+---------------+----------+
00:27:33,257,400   ETHER
|0   |34|23|87|45|78|21|38|97|d6|b4|e0|01|08|06|00|01|08|00|06|04|00|02|38|97|d6|b4|e0|01|0a|aa|7f|fe|34|23|87|45|78|21|0a|aa|7b|e6|00|00|00|00|00|00|00|00|00|00|00|00|00|00|00|00|00|00|

+---------+---------------+----------+
00:27:33,360,322   ETHER
|0   |34|23|87|45|78|21|38|97|d6|b4|e0|01|08|06|00|01|08|00|06|04|00|02|38|97|d6|b4|e0|01|0a|aa|7f|fe|34|23|87|45|78|21|0a|aa|7b|e6|00|00|00|00|00|00|00|00|00|00|00|00|00|00|00|00|00|00|

+---------+---------------+----------+
00:27:33,462,195   ETHER
|0   |34|23|87|45|78|21|38|97|d6|b4|e0|01|08|06|00|01|08|00|06|04|00|02|38|97|d6|b4|e0|01|0a|aa|7f|fe|34|23|87|45|78|21|0a|aa|7b|e6|00|00|00|00|00|00|00|00|00|00|00|00|00|00|00|00|00|00|

+---------+---------------+----------+
00:27:33,564,710   ETHER
|0   |34|23|87|45|78|21|38|97|d6|b4|e0|01|08|06|00|01|08|00|06|04|00|02|38|97|d6|b4|e0|01|0a|aa|7f|fe|34|23|87|45|78|21|0a|aa|7b|e6|00|00|00|00|00|00|00|00|00|00|00|00|00|00|00|00|00|00|

+---------+---------------+----------+
00:27:33,667,047   ETHER
|0   |34|23|87|45|78|21|38|97|d6|b4|e0|01|08|06|00|01|08|00|06|04|00|02|38|97|d6|b4|e0|01|0a|aa|7f|fe|34|23|87|45|78|21|0a|aa|7b|e6|00|00|00|00|00|00|00|00|00|00|00|00|00|00|00|00|00|00|

+---------+---------------+----------+
00:27:33,735,909   ETHER
|0   |34|23|87|45|78|21|38|97|d6|b4|e0|01|08|06|00|01|08|00|06|04|00|02|38|97|d6|b4|e0|01|0a|aa|7f|fe|34|23|87|45|78|21|0a|aa|7b|e6|00|00|00|00|00|00|00|00|00|00|00|00|00|00|00|00|00|00|

+---------+---------------+----------+
00:27:33,771,588   ETHER
|0   |34|23|87|45|78|21|38|97|d6|b4|e0|01|08|06|00|01|08|00|06|04|00|02|38|97|d6|b4|e0|01|0a|aa|7f|fe|34|23|87|45|78|21|0a|aa|7b|e6|00|00|00|00|00|00|00|00|00|00|00|00|00|00|00|00|00|00|

+---------+---------------+----------+
00:27:33,871,242   ETHER
|0   |34|23|87|45|78|21|38|97|d6|b4|e0|01|08|06|00|01|08|00|06|04|00|02|38|97|d6|b4|e0|01|0a|aa|7f|fe|34|23|87|45|78|21|0a|aa|7b|e6|00|00|00|00|00|00|00|00|00|00|00|00|00|00|00|00|00|00|

+---------+---------------+----------+
00:27:33,974,253   ETHER
|0   |34|23|87|45|78|21|38|97|d6|b4|e0|01|08|06|00|01|08|00|06|04|00|02|38|97|d6|b4|e0|01|0a|aa|7f|fe|34|23|87|45|78|21|0a|aa|7b|e6|00|00|00|00|00|00|00|00|00|00|00|00|00|00|00|00|00|00|

+---------+---------------+----------+
00:27:34,076,601   ETHER
|0   |34|23|87|45|78|21|38|97|d6|b4|e0|01|08|06|00|01|08|00|06|04|00|02|38|97|d6|b4|e0|01|0a|aa|7f|fe|34|23|87|45|78|21|0a|aa|7b|e6|00|00|00|00|00|00|00|00|00|00|00|00|00|00|00|00|00|00|

+---------+---------------+----------+
00:27:34,180,022   ETHER
|0   |34|23|87|45|78|21|38|97|d6|b4|e0|01|08|06|00|01|08|00|06|04|00|02|38|97|d6|b4|e0|01|0a|aa|7f|fe|34|23|87|45|78|21|0a|aa|7b|e6|00|00|00|00|00|00|00|00|00|00|00|00|00|00|00|00|00|00|

+---------+---------------+----------+
00:27:34,280,890   ETHER
|0   |34|23|87|45|78|21|38|97|d6|b4|e0|01|08|06|00|01|08|00|06|04|00|02|38|97|d6|b4|e0|01|0a|aa|7f|fe|34|23|87|45|78|21|0a|aa|7b|e6|00|00|00|00|00|00|00|00|00|00|00|00|00|00|00|00|00|00|

+---------+---------------+----------+
00:27:34,323,071   ETHER
|0   |34|23|87|45|78|21|38|97|d6|b4|e0|01|08|06|00|01|08|00|06|04|00|02|38|97|d6|b4|e0|01|0a|aa|7f|fe|34|23|87|45|78|21|0a|aa|7b|e6|00|00|00|00|00|00|00|00|00|00|00|00|00|00|00|00|00|00|

+---------+---------------+----------+
00:27:34,383,771   ETHER
|0   |34|23|87|45|78|21|38|97|d6|b4|e0|01|08|06|00|01|08|00|06|04|00|02|38|97|d6|b4|e0|01|0a|aa|7f|fe|34|23|87|45|78|21|0a|aa|7b|e6|00|00|00|00|00|00|00|00|00|00|00|00|00|00|00|00|00|00|

+---------+---------------+----------+
00:27:34,419,583   ETHER
|0   |34|23|87|45|78|21|38|97|d6|b4|e0|01|08|06|00|01|08|00|06|04|00|02|38|97|d6|b4|e0|01|0a|aa|7f|fe|34|23|87|45|78|21|0a|aa|7b|e6|00|00|00|00|00|00|00|00|00|00|00|00|00|00|00|00|00|00|

+---------+---------------+----------+
00:27:34,485,745   ETHER
|0   |34|23|87|45|78|21|38|97|d6|b4|e0|01|08|06|00|01|08|00|06|04|00|02|38|97|d6|b4|e0|01|0a|aa|7f|fe|34|23|87|45|78|21|0a|aa|7b|e6|00|00|00|00|00|00|00|00|00|00|00|00|00|00|00|00|00|00|

+---------+---------------+----------+
00:27:34,588,716   ETHER
|0   |34|23|87|45|78|21|38|97|d6|b4|e0|01|08|06|00|01|08|00|06|04|00|02|38|97|d6|b4|e0|01|0a|aa|7f|fe|34|23|87|45|78|21|0a|aa|7b|e6|00|00|00|00|00|00|00|00|00|00|00|00|00|00|00|00|00|00|

+---------+---------------+----------+
00:27:34,691,010   ETHER
|0   |34|23|87|45|78|21|38|97|d6|b4|e0|01|08|06|00|01|08|00|06|04|00|02|38|97|d6|b4|e0|01|0a|aa|7f|fe|34|23|87|45|78|21|0a|aa|7b|e6|00|00|00|00|00|00|00|00|00|00|00|00|00|00|00|00|00|00|

+---------+---------------+----------+
00:27:34,793,454   ETHER
|0   |34|23|87|45|78|21|38|97|d6|b4|e0|01|08|06|00|01|08|00|06|04|00|02|38|97|d6|b4|e0|01|0a|aa|7f|fe|34|23|87|45|78|21|0a|aa|7b|e6|00|00|00|00|00|00|00|00|00|00|00|00|00|00|00|00|00|00|

+---------+---------------+----------+
00:27:34,897,539   ETHER
|0   |34|23|87|45|78|21|38|97|d6|b4|e0|01|08|06|00|01|08|00|06|04|00|02|38|97|d6|b4|e0|01|0a|aa|7f|fe|34|23|87|45|78|21|0a|aa|7b|e6|00|00|00|00|00|00|00|00|00|00|00|00|00|00|00|00|00|00|

+---------+---------------+----------+
00:27:34,997,806   ETHER
|0   |34|23|87|45|78|21|38|97|d6|b4|e0|01|08|06|00|01|08|00|06|04|00|02|38|97|d6|b4|e0|01|0a|aa|7f|fe|34|23|87|45|78|21|0a|aa|7b|e6|00|00|00|00|00|00|00|00|00|00|00|00|00|00|00|00|00|00|

+---------+---------------+----------+
00:27:35,034,253   ETHER
|0   |34|23|87|45|78|21|38|97|d6|b4|e0|01|08|06|00|01|08|00|06|04|00|02|38|97|d6|b4|e0|01|0a|aa|7f|fe|34|23|87|45|78|21|0a|aa|7b|e6|00|00|00|00|00|00|00|00|00|00|00|00|00|00|00|00|00|00|

+---------+---------------+----------+
00:27:35,100,184   ETHER
|0   |34|23|87|45|78|21|38|97|d6|b4|e0|01|08|06|00|01|08|00|06|04|00|02|38|97|d6|b4|e0|01|0a|aa|7f|fe|34|23|87|45|78|21|0a|aa|7b|e6|00|00|00|00|00|00|00|00|00|00|00|00|00|00|00|00|00|00|

+---------+---------------+----------+
00:27:35,135,459   ETHER
|0   |34|23|87|45|78|21|38|97|d6|b4|e0|01|08|06|00|01|08|00|06|04|00|02|38|97|d6|b4|e0|01|0a|aa|7f|fe|34|23|87|45|78|21|0a|aa|7b|e6|00|00|00|00|00|00|00|00|00|00|00|00|00|00|00|00|00|00|

+---------+---------------+----------+
00:27:35,203,058   ETHER
|0   |34|23|87|45|78|21|38|97|d6|b4|e0|01|08|06|00|01|08|00|06|04|00|02|38|97|d6|b4|e0|01|0a|aa|7f|fe|34|23|87|45|78|21|0a|aa|7b|e6|00|00|00|00|00|00|00|00|00|00|00|00|00|00|00|00|00|00|

+---------+---------------+----------+
00:27:35,307,341   ETHER
|0   |34|23|87|45|78|21|38|97|d6|b4|e0|01|08|06|00|01|08|00|06|04|00|02|38|97|d6|b4|e0|01|0a|aa|7f|fe|34|23|87|45|78|21|0a|aa|7b|e6|00|00|00|00|00|00|00|00|00|00|00|00|00|00|00|00|00|00|

+---------+---------------+----------+
00:27:35,407,821   ETHER
|0   |34|23|87|45|78|21|38|97|d6|b4|e0|01|08|06|00|01|08|00|06|04|00|02|38|97|d6|b4|e0|01|0a|aa|7f|fe|34|23|87|45|78|21|0a|aa|7b|e6|00|00|00|00|00|00|00|00|00|00|00|00|00|00|00|00|00|00|

+---------+---------------+----------+
00:27:35,472,188   ETHER
|0   |34|23|87|45|78|21|38|97|d6|b4|e0|01|08|06|00|01|08|00|06|04|00|02|38|97|d6|b4|e0|01|0a|aa|7f|fe|34|23|87|45|78|21|0a|aa|7b|e6|00|00|00|00|00|00|00|00|00|00|00|00|00|00|00|00|00|00|

+---------+---------------+----------+
00:27:35,510,166   ETHER
|0   |34|23|87|45|78|21|38|97|d6|b4|e0|01|08|06|00|01|08|00|06|04|00|02|38|97|d6|b4|e0|01|0a|aa|7f|fe|34|23|87|45|78|21|0a|aa|7b|e6|00|00|00|00|00|00|00|00|00|00|00|00|00|00|00|00|00|00|

+---------+---------------+----------+
00:27:35,608,113   ETHER
|0   |34|23|87|45|78|21|38|97|d6|b4|e0|01|08|06|00|01|08|00|06|04|00|02|38|97|d6|b4|e0|01|0a|aa|7f|fe|34|23|87|45|78|21|0a|aa|7b|e6|00|00|00|00|00|00|00|00|00|00|00|00|00|00|00|00|00|00|

+---------+---------------+----------+
00:27:35,708,394   ETHER
|0   |34|23|87|45|78|21|38|97|d6|b4|e0|01|08|06|00|01|08|00|06|04|00|02|38|97|d6|b4|e0|01|0a|aa|7f|fe|34|23|87|45|78|21|0a|aa|7b|e6|00|00|00|00|00|00|00|00|00|00|00|00|00|00|00|00|00|00|

+---------+---------------+----------+
00:27:35,765,267   ETHER
|0   |34|23|87|45|78|21|38|97|d6|b4|e0|01|08|06|00|01|08|00|06|04|00|02|38|97|d6|b4|e0|01|0a|aa|7f|fe|34|23|87|45|78|21|0a|aa|7b|e6|00|00|00|00|00|00|00|00|00|00|00|00|00|00|00|00|00|00|

+---------+---------------+----------+
00:27:35,807,012   ETHER
|0   |34|23|87|45|78|21|38|97|d6|b4|e0|01|08|06|00|01|08|00|06|04|00|02|38|97|d6|b4|e0|01|0a|aa|7f|fe|34|23|87|45|78|21|0a|aa|7b|e6|00|00|00|00|00|00|00|00|00|00|00|00|00|00|00|00|00|00|

+---------+---------------+----------+
00:27:35,919,820   ETHER
|0   |34|23|87|45|78|21|38|97|d6|b4|e0|01|08|06|00|01|08|00|06|04|00|02|38|97|d6|b4|e0|01|0a|aa|7f|fe|34|23|87|45|78|21|0a|aa|7b|e6|00|00|00|00|00|00|00|00|00|00|00|00|00|00|00|00|00|00|

+---------+---------------+----------+
00:27:35,999,978   ETHER
|0   |34|23|87|45|78|21|38|97|d6|b4|e0|01|08|06|00|01|08|00|06|04|00|02|38|97|d6|b4|e0|01|0a|aa|7f|fe|34|23|87|45|78|21|0a|aa|7b|e6|00|00|00|00|00|00|00|00|00|00|00|00|00|00|00|00|00|00|

+---------+---------------+----------+
00:27:36,124,629   ETHER
|0   |34|23|87|45|78|21|38|97|d6|b4|e0|01|08|06|00|01|08|00|06|04|00|02|38|97|d6|b4|e0|01|0a|aa|7f|fe|34|23|87|45|78|21|0a|aa|7b|e6|00|00|00|00|00|00|00|00|00|00|00|00|00|00|00|00|00|00|

+---------+---------------+----------+
00:27:36,226,598   ETHER
|0   |34|23|87|45|78|21|38|97|d6|b4|e0|01|08|06|00|01|08|00|06|04|00|02|38|97|d6|b4|e0|01|0a|aa|7f|fe|34|23|87|45|78|21|0a|aa|7b|e6|00|00|00|00|00|00|00|00|00|00|00|00|00|00|00|00|00|00|

+---------+---------------+----------+
00:27:36,329,024   ETHER
|0   |34|23|87|45|78|21|38|97|d6|b4|e0|01|08|06|00|01|08|00|06|04|00|02|38|97|d6|b4|e0|01|0a|aa|7f|fe|34|23|87|45|78|21|0a|aa|7b|e6|00|00|00|00|00|00|00|00|00|00|00|00|00|00|00|00|00|00|

+---------+---------------+----------+
00:27:36,433,494   ETHER
|0   |34|23|87|45|78|21|38|97|d6|b4|e0|01|08|06|00|01|08|00|06|04|00|02|38|97|d6|b4|e0|01|0a|aa|7f|fe|34|23|87|45|78|21|0a|aa|7b|e6|00|00|00|00|00|00|00|00|00|00|00|00|00|00|00|00|00|00|

+---------+---------------+----------+
00:27:36,533,780   ETHER
|0   |34|23|87|45|78|21|38|97|d6|b4|e0|01|08|06|00|01|08|00|06|04|00|02|38|97|d6|b4|e0|01|0a|aa|7f|fe|34|23|87|45|78|21|0a|aa|7b|e6|00|00|00|00|00|00|00|00|00|00|00|00|00|00|00|00|00|00|

+---------+---------------+----------+
00:27:36,562,850   ETHER
|0   |34|23|87|45|78|21|38|97|d6|b4|e0|01|08|06|00|01|08|00|06|04|00|02|38|97|d6|b4|e0|01|0a|aa|7f|fe|34|23|87|45|78|21|0a|aa|7b|e6|00|00|00|00|00|00|00|00|00|00|00|00|00|00|00|00|00|00|

+---------+---------------+----------+
00:27:36,604,530   ETHER
|0   |34|23|87|45|78|21|38|97|d6|b4|e0|01|08|06|00|01|08|00|06|04|00|02|38|97|d6|b4|e0|01|0a|aa|7f|fe|34|23|87|45|78|21|0a|aa|7b|e6|00|00|00|00|00|00|00|00|00|00|00|00|00|00|00|00|00|00|

+---------+---------------+----------+
00:27:36,694,149   ETHER
|0   |34|23|87|45|78|21|38|97|d6|b4|e0|01|08|06|00|01|08|00|06|04|00|02|38|97|d6|b4|e0|01|0a|aa|7f|fe|34|23|87|45|78|21|0a|aa|7b|e6|00|00|00|00|00|00|00|00|00|00|00|00|00|00|00|00|00|00|

+---------+---------------+----------+
00:27:36,739,033   ETHER
|0   |34|23|87|45|78|21|38|97|d6|b4|e0|01|08|06|00|01|08|00|06|04|00|02|38|97|d6|b4|e0|01|0a|aa|7f|fe|34|23|87|45|78|21|0a|aa|7b|e6|00|00|00|00|00|00|00|00|00|00|00|00|00|00|00|00|00|00|

+---------+---------------+----------+
00:27:36,840,997   ETHER
|0   |34|23|87|45|78|21|38|97|d6|b4|e0|01|08|06|00|01|08|00|06|04|00|02|38|97|d6|b4|e0|01|0a|aa|7f|fe|34|23|87|45|78|21|0a|aa|7b|e6|00|00|00|00|00|00|00|00|00|00|00|00|00|00|00|00|00|00|

+---------+---------------+----------+
00:27:36,943,769   ETHER
|0   |34|23|87|45|78|21|38|97|d6|b4|e0|01|08|06|00|01|08|00|06|04|00|02|38|97|d6|b4|e0|01|0a|aa|7f|fe|34|23|87|45|78|21|0a|aa|7b|e6|00|00|00|00|00|00|00|00|00|00|00|00|00|00|00|00|00|00|

+---------+---------------+----------+
00:27:37,046,287   ETHER
|0   |34|23|87|45|78|21|38|97|d6|b4|e0|01|08|06|00|01|08|00|06|04|00|02|38|97|d6|b4|e0|01|0a|aa|7f|fe|34|23|87|45|78|21|0a|aa|7b|e6|00|00|00|00|00|00|00|00|00|00|00|00|00|00|00|00|00|00|

+---------+---------------+----------+
00:27:37,150,685   ETHER
|0   |34|23|87|45|78|21|38|97|d6|b4|e0|01|08|06|00|01|08|00|06|04|00|02|38|97|d6|b4|e0|01|0a|aa|7f|fe|34|23|87|45|78|21|0a|aa|7b|e6|00|00|00|00|00|00|00|00|00|00|00|00|00|00|00|00|00|00|

+---------+---------------+----------+
00:27:37,250,999   ETHER
|0   |34|23|87|45|78|21|38|97|d6|b4|e0|01|08|06|00|01|08|00|06|04|00|02|38|97|d6|b4|e0|01|0a|aa|7f|fe|34|23|87|45|78|21|0a|aa|7b|e6|00|00|00|00|00|00|00|00|00|00|00|00|00|00|00|00|00|00|

+---------+---------------+----------+
00:27:37,353,436   ETHER
|0   |34|23|87|45|78|21|38|97|d6|b4|e0|01|08|06|00|01|08|00|06|04|00|02|38|97|d6|b4|e0|01|0a|aa|7f|fe|34|23|87|45|78|21|0a|aa|7b|e6|00|00|00|00|00|00|00|00|00|00|00|00|00|00|00|00|00|00|

+---------+---------------+----------+
00:27:37,455,780   ETHER
|0   |34|23|87|45|78|21|38|97|d6|b4|e0|01|08|06|00|01|08|00|06|04|00|02|38|97|d6|b4|e0|01|0a|aa|7f|fe|34|23|87|45|78|21|0a|aa|7b|e6|00|00|00|00|00|00|00|00|00|00|00|00|00|00|00|00|00|00|

+---------+---------------+----------+
00:27:37,558,240   ETHER
|0   |34|23|87|45|78|21|38|97|d6|b4|e0|01|08|06|00|01|08|00|06|04|00|02|38|97|d6|b4|e0|01|0a|aa|7f|fe|34|23|87|45|78|21|0a|aa|7b|e6|00|00|00|00|00|00|00|00|00|00|00|00|00|00|00|00|00|00|

+---------+---------------+----------+
00:27:37,660,627   ETHER
|0   |34|23|87|45|78|21|38|97|d6|b4|e0|01|08|06|00|01|08|00|06|04|00|02|38|97|d6|b4|e0|01|0a|aa|7f|fe|34|23|87|45|78|21|0a|aa|7b|e6|00|00|00|00|00|00|00|00|00|00|00|00|00|00|00|00|00|00|

+---------+---------------+----------+
00:27:37,756,314   ETHER
|0   |34|23|87|45|78|21|38|97|d6|b4|e0|01|08|06|00|01|08|00|06|04|00|02|38|97|d6|b4|e0|01|0a|aa|7f|fe|34|23|87|45|78|21|0a|aa|7b|e6|00|00|00|00|00|00|00|00|00|00|00|00|00|00|00|00|00|00|

+---------+---------------+----------+
00:27:37,785,666   ETHER
|0   |34|23|87|45|78|21|38|97|d6|b4|e0|01|08|06|00|01|08|00|06|04|00|02|38|97|d6|b4|e0|01|0a|aa|7f|fe|34|23|87|45|78|21|0a|aa|7b|e6|00|00|00|00|00|00|00|00|00|00|00|00|00|00|00|00|00|00|

+---------+---------------+----------+
00:27:37,865,012   ETHER
|0   |34|23|87|45|78|21|38|97|d6|b4|e0|01|08|06|00|01|08|00|06|04|00|02|38|97|d6|b4|e0|01|0a|aa|7f|fe|34|23|87|45|78|21|0a|aa|7b|e6|00|00|00|00|00|00|00|00|00|00|00|00|00|00|00|00|00|00|

+---------+---------------+----------+
00:27:37,967,832   ETHER
|0   |34|23|87|45|78|21|38|97|d6|b4|e0|01|08|06|00|01|08|00|06|04|00|02|38|97|d6|b4|e0|01|0a|aa|7f|fe|34|23|87|45|78|21|0a|aa|7b|e6|00|00|00|00|00|00|00|00|00|00|00|00|00|00|00|00|00|00|

+---------+---------------+----------+
00:27:38,070,358   ETHER
|0   |34|23|87|45|78|21|38|97|d6|b4|e0|01|08|06|00|01|08|00|06|04|00|02|38|97|d6|b4|e0|01|0a|aa|7f|fe|34|23|87|45|78|21|0a|aa|7b|e6|00|00|00|00|00|00|00|00|00|00|00|00|00|00|00|00|00|00|

+---------+---------------+----------+
00:27:38,172,697   ETHER
|0   |34|23|87|45|78|21|38|97|d6|b4|e0|01|08|06|00|01|08|00|06|04|00|02|38|97|d6|b4|e0|01|0a|aa|7f|fe|34|23|87|45|78|21|0a|aa|7b|e6|00|00|00|00|00|00|00|00|00|00|00|00|00|00|00|00|00|00|

+---------+---------------+----------+
00:27:38,275,051   ETHER
|0   |34|23|87|45|78|21|38|97|d6|b4|e0|01|08|06|00|01|08|00|06|04|00|02|38|97|d6|b4|e0|01|0a|aa|7f|fe|34|23|87|45|78|21|0a|aa|7b|e6|00|00|00|00|00|00|00|00|00|00|00|00|00|00|00|00|00|00|

+---------+---------------+----------+
00:27:38,377,449   ETHER
|0   |34|23|87|45|78|21|38|97|d6|b4|e0|01|08|06|00|01|08|00|06|04|00|02|38|97|d6|b4|e0|01|0a|aa|7f|fe|34|23|87|45|78|21|0a|aa|7b|e6|00|00|00|00|00|00|00|00|00|00|00|00|00|00|00|00|00|00|

+---------+---------------+----------+
00:27:38,479,847   ETHER
|0   |34|23|87|45|78|21|38|97|d6|b4|e0|01|08|06|00|01|08|00|06|04|00|02|38|97|d6|b4|e0|01|0a|aa|7f|fe|34|23|87|45|78|21|0a|aa|7b|e6|00|00|00|00|00|00|00|00|00|00|00|00|00|00|00|00|00|00|

+---------+---------------+----------+
00:27:38,576,862   ETHER
|0   |34|23|87|45|78|21|38|97|d6|b4|e0|01|08|06|00|01|08|00|06|04|00|02|38|97|d6|b4|e0|01|0a|aa|7f|fe|34|23|87|45|78|21|0a|aa|7b|e6|00|00|00|00|00|00|00|00|00|00|00|00|00|00|00|00|00|00|

+---------+---------------+----------+
00:27:38,684,175   ETHER
|0   |34|23|87|45|78|21|38|97|d6|b4|e0|01|08|06|00|01|08|00|06|04|00|02|38|97|d6|b4|e0|01|0a|aa|7f|fe|34|23|87|45|78|21|0a|aa|7b|e6|00|00|00|00|00|00|00|00|00|00|00|00|00|00|00|00|00|00|

+---------+---------------+----------+
00:27:38,787,060   ETHER
|0   |34|23|87|45|78|21|38|97|d6|b4|e0|01|08|06|00|01|08|00|06|04|00|02|38|97|d6|b4|e0|01|0a|aa|7f|fe|34|23|87|45|78|21|0a|aa|7b|e6|00|00|00|00|00|00|00|00|00|00|00|00|00|00|00|00|00|00|

+---------+---------------+----------+
00:27:38,889,383   ETHER
|0   |34|23|87|45|78|21|38|97|d6|b4|e0|01|08|06|00|01|08|00|06|04|00|02|38|97|d6|b4|e0|01|0a|aa|7f|fe|34|23|87|45|78|21|0a|aa|7b|e6|00|00|00|00|00|00|00|00|00|00|00|00|00|00|00|00|00|00|

+---------+---------------+----------+
00:27:38,992,311   ETHER
|0   |34|23|87|45|78|21|38|97|d6|b4|e0|01|08|06|00|01|08|00|06|04|00|02|38|97|d6|b4|e0|01|0a|aa|7f|fe|34|23|87|45|78|21|0a|aa|7b|e6|00|00|00|00|00|00|00|00|00|00|00|00|00|00|00|00|00|00|

+---------+---------------+----------+
00:27:39,038,010   ETHER
|0   |34|23|87|45|78|21|38|97|d6|b4|e0|01|08|06|00|01|08|00|06|04|00|02|38|97|d6|b4|e0|01|0a|aa|7f|fe|34|23|87|45|78|21|0a|aa|7b|e6|00|00|00|00|00|00|00|00|00|00|00|00|00|00|00|00|00|00|

+---------+---------------+----------+
00:27:39,094,255   ETHER
|0   |34|23|87|45|78|21|38|97|d6|b4|e0|01|08|06|00|01|08|00|06|04|00|02|38|97|d6|b4|e0|01|0a|aa|7f|fe|34|23|87|45|78|21|0a|aa|7b|e6|00|00|00|00|00|00|00|00|00|00|00|00|00|00|00|00|00|00|

+---------+---------------+----------+
00:27:39,146,357   ETHER
|0   |34|23|87|45|78|21|38|97|d6|b4|e0|01|08|06|00|01|08|00|06|04|00|02|38|97|d6|b4|e0|01|0a|aa|7f|fe|34|23|87|45|78|21|0a|aa|7b|e6|00|00|00|00|00|00|00|00|00|00|00|00|00|00|00|00|00|00|

+---------+---------------+----------+
00:27:39,186,212   ETHER
|0   |34|23|87|45|78|21|38|97|d6|b4|e0|01|08|06|00|01|08|00|06|04|00|02|38|97|d6|b4|e0|01|0a|aa|7f|fe|34|23|87|45|78|21|0a|aa|7b|e6|00|00|00|00|00|00|00|00|00|00|00|00|00|00|00|00|00|00|

+---------+---------------+----------+
00:27:39,265,804   ETHER
|0   |34|23|87|45|78|21|38|97|d6|b4|e0|01|08|06|00|01|08|00|06|04|00|02|38|97|d6|b4|e0|01|0a|aa|7f|fe|34|23|87|45|78|21|0a|aa|7b|e6|00|00|00|00|00|00|00|00|00|00|00|00|00|00|00|00|00|00|

