+---------+---------------+----------+
00:12:40,362,775   ETHER
|0   |34|23|87|45|78|21|38|97|d6|b4|e0|01|08|06|00|01|08|00|06|04|00|02|38|97|d6|b4|e0|01|0a|aa|7f|fe|34|23|87|45|78|21|0a|aa|7b|e6|00|00|00|00|00|00|00|00|00|00|00|00|00|00|00|00|00|00|

+---------+---------------+----------+
00:12:40,402,699   ETHER
|0   |34|23|87|45|78|21|38|97|d6|b4|e0|01|08|06|00|01|08|00|06|04|00|02|38|97|d6|b4|e0|01|0a|aa|7f|fe|34|23|87|45|78|21|0a|aa|7b|e6|00|00|00|00|00|00|00|00|00|00|00|00|00|00|00|00|00|00|

+---------+---------------+----------+
00:12:40,441,246   ETHER
|0   |34|23|87|45|78|21|38|97|d6|b4|e0|01|08|06|00|01|08|00|06|04|00|02|38|97|d6|b4|e0|01|0a|aa|7f|fe|34|23|87|45|78|21|0a|aa|7b|e6|00|00|00|00|00|00|00|00|00|00|00|00|00|00|00|00|00|00|

+---------+---------------+----------+
00:12:40,465,969   ETHER
|0   |34|23|87|45|78|21|38|97|d6|b4|e0|01|08|06|00|01|08|00|06|04|00|02|38|97|d6|b4|e0|01|0a|aa|7f|fe|34|23|87|45|78|21|0a|aa|7b|e6|00|00|00|00|00|00|00|00|00|00|00|00|00|00|00|00|00|00|

+---------+---------------+----------+
00:12:40,493,051   ETHER
|0   |34|23|87|45|78|21|38|97|d6|b4|e0|01|08|06|00|01|08|00|06|04|00|02|38|97|d6|b4|e0|01|0a|aa|7f|fe|34|23|87|45|78|21|0a|aa|7b|e6|00|00|00|00|00|00|00|00|00|00|00|00|00|00|00|00|00|00|

+---------+---------------+----------+
00:12:40,517,606   ETHER
|0   |34|23|87|45|78|21|38|97|d6|b4|e0|01|08|06|00|01|08|00|06|04|00|02|38|97|d6|b4|e0|01|0a|aa|7f|fe|34|23|87|45|78|21|0a|aa|7b|e6|00|00|00|00|00|00|00|00|00|00|00|00|00|00|00|00|00|00|

+---------+---------------+----------+
00:12:40,545,120   ETHER
|0   |34|23|87|45|78|21|38|97|d6|b4|e0|01|08|06|00|01|08|00|06|04|00|02|38|97|d6|b4|e0|01|0a|aa|7f|fe|34|23|87|45|78|21|0a|aa|7b|e6|00|00|00|00|00|00|00|00|00|00|00|00|00|00|00|00|00|00|

+---------+---------------+----------+
00:12:40,568,802   ETHER
|0   |34|23|87|45|78|21|38|97|d6|b4|e0|01|08|06|00|01|08|00|06|04|00|02|38|97|d6|b4|e0|01|0a|aa|7f|fe|34|23|87|45|78|21|0a|aa|7b|e6|00|00|00|00|00|00|00|00|00|00|00|00|00|00|00|00|00|00|

+---------+---------------+----------+
00:12:40,643,059   ETHER
|0   |34|23|87|45|78|21|38|97|d6|b4|e0|01|08|06|00|01|08|00|06|04|00|02|38|97|d6|b4|e0|01|0a|aa|7f|fe|34|23|87|45|78|21|0a|aa|7b|e6|00|00|00|00|00|00|00|00|00|00|00|00|00|00|00|00|00|00|

+---------+---------------+----------+
00:12:40,724,903   ETHER
|0   |34|23|87|45|78|21|38|97|d6|b4|e0|01|08|06|00|01|08|00|06|04|00|02|38|97|d6|b4|e0|01|0a|aa|7f|fe|34|23|87|45|78|21|0a|aa|7b|e6|00|00|00|00|00|00|00|00|00|00|00|00|00|00|00|00|00|00|

+---------+---------------+----------+
00:12:40,769,919   ETHER
|0   |34|23|87|45|78|21|38|97|d6|b4|e0|01|08|06|00|01|08|00|06|04|00|02|38|97|d6|b4|e0|01|0a|aa|7f|fe|34|23|87|45|78|21|0a|aa|7b|e6|00|00|00|00|00|00|00|00|00|00|00|00|00|00|00|00|00|00|

+---------+---------------+----------+
00:12:40,809,972   ETHER
|0   |34|23|87|45|78|21|38|97|d6|b4|e0|01|08|06|00|01|08|00|06|04|00|02|38|97|d6|b4|e0|01|0a|aa|7f|fe|34|23|87|45|78|21|0a|aa|7b|e6|00|00|00|00|00|00|00|00|00|00|00|00|00|00|00|00|00|00|

+---------+---------------+----------+
00:12:40,875,314   ETHER
|0   |34|23|87|45|78|21|38|97|d6|b4|e0|01|08|06|00|01|08|00|06|04|00|02|38|97|d6|b4|e0|01|0a|aa|7f|fe|34|23|87|45|78|21|0a|aa|7b|e6|00|00|00|00|00|00|00|00|00|00|00|00|00|00|00|00|00|00|

+---------+---------------+----------+
00:12:40,977,771   ETHER
|0   |34|23|87|45|78|21|38|97|d6|b4|e0|01|08|06|00|01|08|00|06|04|00|02|38|97|d6|b4|e0|01|0a|aa|7f|fe|34|23|87|45|78|21|0a|aa|7b|e6|00|00|00|00|00|00|00|00|00|00|00|00|00|00|00|00|00|00|

+---------+---------------+----------+
00:12:41,080,127   ETHER
|0   |34|23|87|45|78|21|38|97|d6|b4|e0|01|08|06|00|01|08|00|06|04|00|02|38|97|d6|b4|e0|01|0a|aa|7f|fe|34|23|87|45|78|21|0a|aa|7b|e6|00|00|00|00|00|00|00|00|00|00|00|00|00|00|00|00|00|00|

+---------+---------------+----------+
00:12:41,183,715   ETHER
|0   |34|23|87|45|78|21|38|97|d6|b4|e0|01|08|06|00|01|08|00|06|04|00|02|38|97|d6|b4|e0|01|0a|aa|7f|fe|34|23|87|45|78|21|0a|aa|7b|e6|00|00|00|00|00|00|00|00|00|00|00|00|00|00|00|00|00|00|

+---------+---------------+----------+
00:12:41,284,888   ETHER
|0   |34|23|87|45|78|21|38|97|d6|b4|e0|01|08|06|00|01|08|00|06|04|00|02|38|97|d6|b4|e0|01|0a|aa|7f|fe|34|23|87|45|78|21|0a|aa|7b|e6|00|00|00|00|00|00|00|00|00|00|00|00|00|00|00|00|00|00|

+---------+---------------+----------+
00:12:41,387,300   ETHER
|0   |34|23|87|45|78|21|38|97|d6|b4|e0|01|08|06|00|01|08|00|06|04|00|02|38|97|d6|b4|e0|01|0a|aa|7f|fe|34|23|87|45|78|21|0a|aa|7b|e6|00|00|00|00|00|00|00|00|00|00|00|00|00|00|00|00|00|00|

+---------+---------------+----------+
00:12:41,489,699   ETHER
|0   |34|23|87|45|78|21|38|97|d6|b4|e0|01|08|06|00|01|08|00|06|04|00|02|38|97|d6|b4|e0|01|0a|aa|7f|fe|34|23|87|45|78|21|0a|aa|7b|e6|00|00|00|00|00|00|00|00|00|00|00|00|00|00|00|00|00|00|

+---------+---------------+----------+
00:12:41,592,204   ETHER
|0   |34|23|87|45|78|21|38|97|d6|b4|e0|01|08|06|00|01|08|00|06|04|00|02|38|97|d6|b4|e0|01|0a|aa|7f|fe|34|23|87|45|78|21|0a|aa|7b|e6|00|00|00|00|00|00|00|00|00|00|00|00|00|00|00|00|00|00|

+---------+---------------+----------+
00:12:41,694,692   ETHER
|0   |34|23|87|45|78|21|38|97|d6|b4|e0|01|08|06|00|01|08|00|06|04|00|02|38|97|d6|b4|e0|01|0a|aa|7f|fe|34|23|87|45|78|21|0a|aa|7b|e6|00|00|00|00|00|00|00|00|00|00|00|00|00|00|00|00|00|00|

+---------+---------------+----------+
00:12:41,797,005   ETHER
|0   |34|23|87|45|78|21|38|97|d6|b4|e0|01|08|06|00|01|08|00|06|04|00|02|38|97|d6|b4|e0|01|0a|aa|7f|fe|34|23|87|45|78|21|0a|aa|7b|e6|00|00|00|00|00|00|00|00|00|00|00|00|00|00|00|00|00|00|

+---------+---------------+----------+
00:12:41,899,417   ETHER
|0   |34|23|87|45|78|21|38|97|d6|b4|e0|01|08|06|00|01|08|00|06|04|00|02|38|97|d6|b4|e0|01|0a|aa|7f|fe|34|23|87|45|78|21|0a|aa|7b|e6|00|00|00|00|00|00|00|00|00|00|00|00|00|00|00|00|00|00|

+---------+---------------+----------+
00:12:42,001,779   ETHER
|0   |34|23|87|45|78|21|38|97|d6|b4|e0|01|08|06|00|01|08|00|06|04|00|02|38|97|d6|b4|e0|01|0a|aa|7f|fe|34|23|87|45|78|21|0a|aa|7b|e6|00|00|00|00|00|00|00|00|00|00|00|00|00|00|00|00|00|00|

+---------+---------------+----------+
00:12:42,104,225   ETHER
|0   |34|23|87|45|78|21|38|97|d6|b4|e0|01|08|06|00|01|08|00|06|04|00|02|38|97|d6|b4|e0|01|0a|aa|7f|fe|34|23|87|45|78|21|0a|aa|7b|e6|00|00|00|00|00|00|00|00|00|00|00|00|00|00|00|00|00|00|

+---------+---------------+----------+
00:12:42,206,587   ETHER
|0   |34|23|87|45|78|21|38|97|d6|b4|e0|01|08|06|00|01|08|00|06|04|00|02|38|97|d6|b4|e0|01|0a|aa|7f|fe|34|23|87|45|78|21|0a|aa|7b|e6|00|00|00|00|00|00|00|00|00|00|00|00|00|00|00|00|00|00|

+---------+---------------+----------+
00:12:42,309,001   ETHER
|0   |34|23|87|45|78|21|38|97|d6|b4|e0|01|08|06|00|01|08|00|06|04|00|02|38|97|d6|b4|e0|01|0a|aa|7f|fe|34|23|87|45|78|21|0a|aa|7b|e6|00|00|00|00|00|00|00|00|00|00|00|00|00|00|00|00|00|00|

+---------+---------------+----------+
00:12:42,411,453   ETHER
|0   |34|23|87|45|78|21|38|97|d6|b4|e0|01|08|06|00|01|08|00|06|04|00|02|38|97|d6|b4|e0|01|0a|aa|7f|fe|34|23|87|45|78|21|0a|aa|7b|e6|00|00|00|00|00|00|00|00|00|00|00|00|00|00|00|00|00|00|

+---------+---------------+----------+
00:12:42,513,845   ETHER
|0   |34|23|87|45|78|21|38|97|d6|b4|e0|01|08|06|00|01|08|00|06|04|00|02|38|97|d6|b4|e0|01|0a|aa|7f|fe|34|23|87|45|78|21|0a|aa|7b|e6|00|00|00|00|00|00|00|00|00|00|00|00|00|00|00|00|00|00|

+---------+---------------+----------+
00:12:42,616,251   ETHER
|0   |34|23|87|45|78|21|38|97|d6|b4|e0|01|08|06|00|01|08|00|06|04|00|02|38|97|d6|b4|e0|01|0a|aa|7f|fe|34|23|87|45|78|21|0a|aa|7b|e6|00|00|00|00|00|00|00|00|00|00|00|00|00|00|00|00|00|00|

+---------+---------------+----------+
00:12:42,718,619   ETHER
|0   |34|23|87|45|78|21|38|97|d6|b4|e0|01|08|06|00|01|08|00|06|04|00|02|38|97|d6|b4|e0|01|0a|aa|7f|fe|34|23|87|45|78|21|0a|aa|7b|e6|00|00|00|00|00|00|00|00|00|00|00|00|00|00|00|00|00|00|

+---------+---------------+----------+
00:12:42,820,963   ETHER
|0   |34|23|87|45|78|21|38|97|d6|b4|e0|01|08|06|00|01|08|00|06|04|00|02|38|97|d6|b4|e0|01|0a|aa|7f|fe|34|23|87|45|78|21|0a|aa|7b|e6|00|00|00|00|00|00|00|00|00|00|00|00|00|00|00|00|00|00|

+---------+---------------+----------+
00:12:42,923,420   ETHER
|0   |34|23|87|45|78|21|38|97|d6|b4|e0|01|08|06|00|01|08|00|06|04|00|02|38|97|d6|b4|e0|01|0a|aa|7f|fe|34|23|87|45|78|21|0a|aa|7b|e6|00|00|00|00|00|00|00|00|00|00|00|00|00|00|00|00|00|00|

+---------+---------------+----------+
00:12:43,025,872   ETHER
|0   |34|23|87|45|78|21|38|97|d6|b4|e0|01|08|06|00|01|08|00|06|04|00|02|38|97|d6|b4|e0|01|0a|aa|7f|fe|34|23|87|45|78|21|0a|aa|7b|e6|00|00|00|00|00|00|00|00|00|00|00|00|00|00|00|00|00|00|

+---------+---------------+----------+
00:12:43,128,250   ETHER
|0   |34|23|87|45|78|21|38|97|d6|b4|e0|01|08|06|00|01|08|00|06|04|00|02|38|97|d6|b4|e0|01|0a|aa|7f|fe|34|23|87|45|78|21|0a|aa|7b|e6|00|00|00|00|00|00|00|00|00|00|00|00|00|00|00|00|00|00|

+---------+---------------+----------+
00:12:43,230,535   ETHER
|0   |34|23|87|45|78|21|38|97|d6|b4|e0|01|08|06|00|01|08|00|06|04|00|02|38|97|d6|b4|e0|01|0a|aa|7f|fe|34|23|87|45|78|21|0a|aa|7b|e6|00|00|00|00|00|00|00|00|00|00|00|00|00|00|00|00|00|00|

+---------+---------------+----------+
00:12:43,333,046   ETHER
|0   |34|23|87|45|78|21|38|97|d6|b4|e0|01|08|06|00|01|08|00|06|04|00|02|38|97|d6|b4|e0|01|0a|aa|7f|fe|34|23|87|45|78|21|0a|aa|7b|e6|00|00|00|00|00|00|00|00|00|00|00|00|00|00|00|00|00|00|

+---------+---------------+----------+
00:12:43,435,463   ETHER
|0   |34|23|87|45|78|21|38|97|d6|b4|e0|01|08|06|00|01|08|00|06|04|00|02|38|97|d6|b4|e0|01|0a|aa|7f|fe|34|23|87|45|78|21|0a|aa|7b|e6|00|00|00|00|00|00|00|00|00|00|00|00|00|00|00|00|00|00|

+---------+---------------+----------+
00:12:43,537,800   ETHER
|0   |34|23|87|45|78|21|38|97|d6|b4|e0|01|08|06|00|01|08|00|06|04|00|02|38|97|d6|b4|e0|01|0a|aa|7f|fe|34|23|87|45|78|21|0a|aa|7b|e6|00|00|00|00|00|00|00|00|00|00|00|00|00|00|00|00|00|00|

+---------+---------------+----------+
00:12:43,643,384   ETHER
|0   |34|23|87|45|78|21|38|97|d6|b4|e0|01|08|06|00|01|08|00|06|04|00|02|38|97|d6|b4|e0|01|0a|aa|7f|fe|34|23|87|45|78|21|0a|aa|7b|e6|00|00|00|00|00|00|00|00|00|00|00|00|00|00|00|00|00|00|

+---------+---------------+----------+
00:12:43,742,710   ETHER
|0   |34|23|87|45|78|21|38|97|d6|b4|e0|01|08|06|00|01|08|00|06|04|00|02|38|97|d6|b4|e0|01|0a|aa|7f|fe|34|23|87|45|78|21|0a|aa|7b|e6|00|00|00|00|00|00|00|00|00|00|00|00|00|00|00|00|00|00|

+---------+---------------+----------+
00:12:43,845,120   ETHER
|0   |34|23|87|45|78|21|38|97|d6|b4|e0|01|08|06|00|01|08|00|06|04|00|02|38|97|d6|b4|e0|01|0a|aa|7f|fe|34|23|87|45|78|21|0a|aa|7b|e6|00|00|00|00|00|00|00|00|00|00|00|00|00|00|00|00|00|00|

+---------+---------------+----------+
00:12:43,947,530   ETHER
|0   |34|23|87|45|78|21|38|97|d6|b4|e0|01|08|06|00|01|08|00|06|04|00|02|38|97|d6|b4|e0|01|0a|aa|7f|fe|34|23|87|45|78|21|0a|aa|7b|e6|00|00|00|00|00|00|00|00|00|00|00|00|00|00|00|00|00|00|

+---------+---------------+----------+
00:12:44,049,932   ETHER
|0   |34|23|87|45|78|21|38|97|d6|b4|e0|01|08|06|00|01|08|00|06|04|00|02|38|97|d6|b4|e0|01|0a|aa|7f|fe|34|23|87|45|78|21|0a|aa|7b|e6|00|00|00|00|00|00|00|00|00|00|00|00|00|00|00|00|00|00|

+---------+---------------+----------+
00:12:44,152,289   ETHER
|0   |34|23|87|45|78|21|38|97|d6|b4|e0|01|08|06|00|01|08|00|06|04|00|02|38|97|d6|b4|e0|01|0a|aa|7f|fe|34|23|87|45|78|21|0a|aa|7b|e6|00|00|00|00|00|00|00|00|00|00|00|00|00|00|00|00|00|00|

+---------+---------------+----------+
00:12:44,254,654   ETHER
|0   |34|23|87|45|78|21|38|97|d6|b4|e0|01|08|06|00|01|08|00|06|04|00|02|38|97|d6|b4|e0|01|0a|aa|7f|fe|34|23|87|45|78|21|0a|aa|7b|e6|00|00|00|00|00|00|00|00|00|00|00|00|00|00|00|00|00|00|

+---------+---------------+----------+
00:12:44,356,703   ETHER
|0   |34|23|87|45|78|21|38|97|d6|b4|e0|01|08|06|00|01|08|00|06|04|00|02|38|97|d6|b4|e0|01|0a|aa|7f|fe|34|23|87|45|78|21|0a|aa|7b|e6|00|00|00|00|00|00|00|00|00|00|00|00|00|00|00|00|00|00|

+---------+---------------+----------+
00:12:44,463,165   ETHER
|0   |34|23|87|45|78|21|38|97|d6|b4|e0|01|08|06|00|01|08|00|06|04|00|02|38|97|d6|b4|e0|01|0a|aa|7f|fe|34|23|87|45|78|21|0a|aa|7b|e6|00|00|00|00|00|00|00|00|00|00|00|00|00|00|00|00|00|00|

+---------+---------------+----------+
00:12:44,563,649   ETHER
|0   |34|23|87|45|78|21|38|97|d6|b4|e0|01|08|06|00|01|08|00|06|04|00|02|38|97|d6|b4|e0|01|0a|aa|7f|fe|34|23|87|45|78|21|0a|aa|7b|e6|00|00|00|00|00|00|00|00|00|00|00|00|00|00|00|00|00|00|

+---------+---------------+----------+
00:12:44,664,319   ETHER
|0   |34|23|87|45|78|21|38|97|d6|b4|e0|01|08|06|00|01|08|00|06|04|00|02|38|97|d6|b4|e0|01|0a|aa|7f|fe|34|23|87|45|78|21|0a|aa|7b|e6|00|00|00|00|00|00|00|00|00|00|00|00|00|00|00|00|00|00|

+---------+---------------+----------+
00:12:44,766,609   ETHER
|0   |34|23|87|45|78|21|38|97|d6|b4|e0|01|08|06|00|01|08|00|06|04|00|02|38|97|d6|b4|e0|01|0a|aa|7f|fe|34|23|87|45|78|21|0a|aa|7b|e6|00|00|00|00|00|00|00|00|00|00|00|00|00|00|00|00|00|00|

