+---------+---------------+----------+
00:32:21,466,949   ETHER
|0   |34|23|87|45|78|21|38|97|d6|b4|e0|01|08|06|00|01|08|00|06|04|00|02|38|97|d6|b4|e0|01|0a|aa|7f|fe|34|23|87|45|78|21|0a|aa|7b|e6|00|00|00|00|00|00|00|00|00|00|00|00|00|00|00|00|00|00|

+---------+---------------+----------+
00:32:21,511,663   ETHER
|0   |34|23|87|45|78|21|38|97|d6|b4|e0|01|08|06|00|01|08|00|06|04|00|02|38|97|d6|b4|e0|01|0a|aa|7f|fe|34|23|87|45|78|21|0a|aa|7b|e6|00|00|00|00|00|00|00|00|00|00|00|00|00|00|00|00|00|00|

+---------+---------------+----------+
00:32:21,549,123   ETHER
|0   |34|23|87|45|78|21|38|97|d6|b4|e0|01|08|06|00|01|08|00|06|04|00|02|38|97|d6|b4|e0|01|0a|aa|7f|fe|34|23|87|45|78|21|0a|aa|7b|e6|00|00|00|00|00|00|00|00|00|00|00|00|00|00|00|00|00|00|

+---------+---------------+----------+
00:32:21,569,356   ETHER
|0   |34|23|87|45|78|21|38|97|d6|b4|e0|01|08|06|00|01|08|00|06|04|00|02|38|97|d6|b4|e0|01|0a|aa|7f|fe|34|23|87|45|78|21|0a|aa|7b|e6|00|00|00|00|00|00|00|00|00|00|00|00|00|00|00|00|00|00|

+---------+---------------+----------+
00:32:21,671,753   ETHER
|0   |34|23|87|45|78|21|38|97|d6|b4|e0|01|08|06|00|01|08|00|06|04|00|02|38|97|d6|b4|e0|01|0a|aa|7f|fe|34|23|87|45|78|21|0a|aa|7b|e6|00|00|00|00|00|00|00|00|00|00|00|00|00|00|00|00|00|00|

+---------+---------------+----------+
00:32:21,775,854   ETHER
|0   |34|23|87|45|78|21|38|97|d6|b4|e0|01|08|06|00|01|08|00|06|04|00|02|38|97|d6|b4|e0|01|0a|aa|7f|fe|34|23|87|45|78|21|0a|aa|7b|e6|00|00|00|00|00|00|00|00|00|00|00|00|00|00|00|00|00|00|

+---------+---------------+----------+
00:32:25,360,065   ETHER
|0   |34|23|87|45|78|21|38|97|d6|b4|e0|01|08|06|00|01|08|00|06|04|00|02|38|97|d6|b4|e0|01|0a|aa|7f|fe|34|23|87|45|78|21|0a|aa|7b|e6|00|00|00|00|00|00|00|00|00|00|00|00|00|00|00|00|00|00|

+---------+---------------+----------+
00:32:25,463,399   ETHER
|0   |34|23|87|45|78|21|38|97|d6|b4|e0|01|08|06|00|01|08|00|06|04|00|02|38|97|d6|b4|e0|01|0a|aa|7f|fe|34|23|87|45|78|21|0a|aa|7b|e6|00|00|00|00|00|00|00|00|00|00|00|00|00|00|00|00|00|00|

+---------+---------------+----------+
00:32:25,562,582   ETHER
|0   |34|23|87|45|78|21|38|97|d6|b4|e0|01|08|06|00|01|08|00|06|04|00|02|38|97|d6|b4|e0|01|0a|aa|7f|fe|34|23|87|45|78|21|0a|aa|7b|e6|00|00|00|00|00|00|00|00|00|00|00|00|00|00|00|00|00|00|

+---------+---------------+----------+
00:32:25,667,754   ETHER
|0   |34|23|87|45|78|21|38|97|d6|b4|e0|01|08|06|00|01|08|00|06|04|00|02|38|97|d6|b4|e0|01|0a|aa|7f|fe|34|23|87|45|78|21|0a|aa|7b|e6|00|00|00|00|00|00|00|00|00|00|00|00|00|00|00|00|00|00|

+---------+---------------+----------+
00:32:25,769,160   ETHER
|0   |34|23|87|45|78|21|38|97|d6|b4|e0|01|08|06|00|01|08|00|06|04|00|02|38|97|d6|b4|e0|01|0a|aa|7f|fe|34|23|87|45|78|21|0a|aa|7b|e6|00|00|00|00|00|00|00|00|00|00|00|00|00|00|00|00|00|00|

+---------+---------------+----------+
00:32:25,870,204   ETHER
|0   |34|23|87|45|78|21|38|97|d6|b4|e0|01|08|06|00|01|08|00|06|04|00|02|38|97|d6|b4|e0|01|0a|aa|7f|fe|34|23|87|45|78|21|0a|aa|7b|e6|00|00|00|00|00|00|00|00|00|00|00|00|00|00|00|00|00|00|

+---------+---------------+----------+
00:32:25,970,287   ETHER
|0   |34|23|87|45|78|21|38|97|d6|b4|e0|01|08|06|00|01|08|00|06|04|00|02|38|97|d6|b4|e0|01|0a|aa|7f|fe|34|23|87|45|78|21|0a|aa|7b|e6|00|00|00|00|00|00|00|00|00|00|00|00|00|00|00|00|00|00|

+---------+---------------+----------+
00:32:26,070,879   ETHER
|0   |34|23|87|45|78|21|38|97|d6|b4|e0|01|08|06|00|01|08|00|06|04|00|02|38|97|d6|b4|e0|01|0a|aa|7f|fe|34|23|87|45|78|21|0a|aa|7b|e6|00|00|00|00|00|00|00|00|00|00|00|00|00|00|00|00|00|00|

+---------+---------------+----------+
00:32:26,179,030   ETHER
|0   |34|23|87|45|78|21|38|97|d6|b4|e0|01|08|06|00|01|08|00|06|04|00|02|38|97|d6|b4|e0|01|0a|aa|7f|fe|34|23|87|45|78|21|0a|aa|7b|e6|00|00|00|00|00|00|00|00|00|00|00|00|00|00|00|00|00|00|

+---------+---------------+----------+
00:32:26,281,505   ETHER
|0   |34|23|87|45|78|21|38|97|d6|b4|e0|01|08|06|00|01|08|00|06|04|00|02|38|97|d6|b4|e0|01|0a|aa|7f|fe|34|23|87|45|78|21|0a|aa|7b|e6|00|00|00|00|00|00|00|00|00|00|00|00|00|00|00|00|00|00|

+---------+---------------+----------+
00:32:26,383,821   ETHER
|0   |34|23|87|45|78|21|38|97|d6|b4|e0|01|08|06|00|01|08|00|06|04|00|02|38|97|d6|b4|e0|01|0a|aa|7f|fe|34|23|87|45|78|21|0a|aa|7b|e6|00|00|00|00|00|00|00|00|00|00|00|00|00|00|00|00|00|00|

+---------+---------------+----------+
00:32:26,486,270   ETHER
|0   |34|23|87|45|78|21|38|97|d6|b4|e0|01|08|06|00|01|08|00|06|04|00|02|38|97|d6|b4|e0|01|0a|aa|7f|fe|34|23|87|45|78|21|0a|aa|7b|e6|00|00|00|00|00|00|00|00|00|00|00|00|00|00|00|00|00|00|

+---------+---------------+----------+
00:32:26,589,233   ETHER
|0   |34|23|87|45|78|21|38|97|d6|b4|e0|01|08|06|00|01|08|00|06|04|00|02|38|97|d6|b4|e0|01|0a|aa|7f|fe|34|23|87|45|78|21|0a|aa|7b|e6|00|00|00|00|00|00|00|00|00|00|00|00|00|00|00|00|00|00|

+---------+---------------+----------+
00:32:26,692,179   ETHER
|0   |34|23|87|45|78|21|38|97|d6|b4|e0|01|08|06|00|01|08|00|06|04|00|02|38|97|d6|b4|e0|01|0a|aa|7f|fe|34|23|87|45|78|21|0a|aa|7b|e6|00|00|00|00|00|00|00|00|00|00|00|00|00|00|00|00|00|00|

+---------+---------------+----------+
00:32:26,796,725   ETHER
|0   |34|23|87|45|78|21|38|97|d6|b4|e0|01|08|06|00|01|08|00|06|04|00|02|38|97|d6|b4|e0|01|0a|aa|7f|fe|34|23|87|45|78|21|0a|aa|7b|e6|00|00|00|00|00|00|00|00|00|00|00|00|00|00|00|00|00|00|

+---------+---------------+----------+
00:32:26,895,405   ETHER
|0   |34|23|87|45|78|21|38|97|d6|b4|e0|01|08|06|00|01|08|00|06|04|00|02|38|97|d6|b4|e0|01|0a|aa|7f|fe|34|23|87|45|78|21|0a|aa|7b|e6|00|00|00|00|00|00|00|00|00|00|00|00|00|00|00|00|00|00|

+---------+---------------+----------+
00:32:26,948,353   ETHER
|0   |34|23|87|45|78|21|38|97|d6|b4|e0|01|08|06|00|01|08|00|06|04|00|02|38|97|d6|b4|e0|01|0a|aa|7f|fe|34|23|87|45|78|21|0a|aa|7b|e6|00|00|00|00|00|00|00|00|00|00|00|00|00|00|00|00|00|00|

+---------+---------------+----------+
00:32:26,983,044   ETHER
|0   |34|23|87|45|78|21|38|97|d6|b4|e0|01|08|06|00|01|08|00|06|04|00|02|38|97|d6|b4|e0|01|0a|aa|7f|fe|34|23|87|45|78|21|0a|aa|7b|e6|00|00|00|00|00|00|00|00|00|00|00|00|00|00|00|00|00|00|

+---------+---------------+----------+
00:32:27,101,002   ETHER
|0   |34|23|87|45|78|21|38|97|d6|b4|e0|01|08|06|00|01|08|00|06|04|00|02|38|97|d6|b4|e0|01|0a|aa|7f|fe|34|23|87|45|78|21|0a|aa|7b|e6|00|00|00|00|00|00|00|00|00|00|00|00|00|00|00|00|00|00|

+---------+---------------+----------+
00:32:27,201,406   ETHER
|0   |34|23|87|45|78|21|38|97|d6|b4|e0|01|08|06|00|01|08|00|06|04|00|02|38|97|d6|b4|e0|01|0a|aa|7f|fe|34|23|87|45|78|21|0a|aa|7b|e6|00|00|00|00|00|00|00|00|00|00|00|00|00|00|00|00|00|00|

+---------+---------------+----------+
00:32:27,305,507   ETHER
|0   |34|23|87|45|78|21|38|97|d6|b4|e0|01|08|06|00|01|08|00|06|04|00|02|38|97|d6|b4|e0|01|0a|aa|7f|fe|34|23|87|45|78|21|0a|aa|7b|e6|00|00|00|00|00|00|00|00|00|00|00|00|00|00|00|00|00|00|

+---------+---------------+----------+
00:32:27,407,857   ETHER
|0   |34|23|87|45|78|21|38|97|d6|b4|e0|01|08|06|00|01|08|00|06|04|00|02|38|97|d6|b4|e0|01|0a|aa|7f|fe|34|23|87|45|78|21|0a|aa|7b|e6|00|00|00|00|00|00|00|00|00|00|00|00|00|00|00|00|00|00|

+---------+---------------+----------+
00:32:27,508,662   ETHER
|0   |34|23|87|45|78|21|38|97|d6|b4|e0|01|08|06|00|01|08|00|06|04|00|02|38|97|d6|b4|e0|01|0a|aa|7f|fe|34|23|87|45|78|21|0a|aa|7b|e6|00|00|00|00|00|00|00|00|00|00|00|00|00|00|00|00|00|00|

+---------+---------------+----------+
00:32:27,611,945   ETHER
|0   |34|23|87|45|78|21|38|97|d6|b4|e0|01|08|06|00|01|08|00|06|04|00|02|38|97|d6|b4|e0|01|0a|aa|7f|fe|34|23|87|45|78|21|0a|aa|7b|e6|00|00|00|00|00|00|00|00|00|00|00|00|00|00|00|00|00|00|

+---------+---------------+----------+
00:32:27,715,099   ETHER
|0   |34|23|87|45|78|21|38|97|d6|b4|e0|01|08|06|00|01|08|00|06|04|00|02|38|97|d6|b4|e0|01|0a|aa|7f|fe|34|23|87|45|78|21|0a|aa|7b|e6|00|00|00|00|00|00|00|00|00|00|00|00|00|00|00|00|00|00|

+---------+---------------+----------+
00:32:27,817,500   ETHER
|0   |34|23|87|45|78|21|38|97|d6|b4|e0|01|08|06|00|01|08|00|06|04|00|02|38|97|d6|b4|e0|01|0a|aa|7f|fe|34|23|87|45|78|21|0a|aa|7b|e6|00|00|00|00|00|00|00|00|00|00|00|00|00|00|00|00|00|00|

+---------+---------------+----------+
00:32:27,918,829   ETHER
|0   |34|23|87|45|78|21|38|97|d6|b4|e0|01|08|06|00|01|08|00|06|04|00|02|38|97|d6|b4|e0|01|0a|aa|7f|fe|34|23|87|45|78|21|0a|aa|7b|e6|00|00|00|00|00|00|00|00|00|00|00|00|00|00|00|00|00|00|

+---------+---------------+----------+
00:32:28,020,634   ETHER
|0   |34|23|87|45|78|21|38|97|d6|b4|e0|01|08|06|00|01|08|00|06|04|00|02|38|97|d6|b4|e0|01|0a|aa|7f|fe|34|23|87|45|78|21|0a|aa|7b|e6|00|00|00|00|00|00|00|00|00|00|00|00|00|00|00|00|00|00|

+---------+---------------+----------+
00:32:28,124,655   ETHER
|0   |34|23|87|45|78|21|38|97|d6|b4|e0|01|08|06|00|01|08|00|06|04|00|02|38|97|d6|b4|e0|01|0a|aa|7f|fe|34|23|87|45|78|21|0a|aa|7b|e6|00|00|00|00|00|00|00|00|00|00|00|00|00|00|00|00|00|00|

+---------+---------------+----------+
00:32:28,226,991   ETHER
|0   |34|23|87|45|78|21|38|97|d6|b4|e0|01|08|06|00|01|08|00|06|04|00|02|38|97|d6|b4|e0|01|0a|aa|7f|fe|34|23|87|45|78|21|0a|aa|7b|e6|00|00|00|00|00|00|00|00|00|00|00|00|00|00|00|00|00|00|

+---------+---------------+----------+
00:32:31,913,329   ETHER
|0   |34|23|87|45|78|21|38|97|d6|b4|e0|01|08|06|00|01|08|00|06|04|00|02|38|97|d6|b4|e0|01|0a|aa|7f|fe|34|23|87|45|78|21|0a|aa|7b|e6|00|00|00|00|00|00|00|00|00|00|00|00|00|00|00|00|00|00|

+---------+---------------+----------+
00:32:31,981,763   ETHER
|0   |34|23|87|45|78|21|38|97|d6|b4|e0|01|08|06|00|01|08|00|06|04|00|02|38|97|d6|b4|e0|01|0a|aa|7f|fe|34|23|87|45|78|21|0a|aa|7b|e6|00|00|00|00|00|00|00|00|00|00|00|00|00|00|00|00|00|00|

+---------+---------------+----------+
00:32:32,020,712   ETHER
|0   |34|23|87|45|78|21|38|97|d6|b4|e0|01|08|06|00|01|08|00|06|04|00|02|38|97|d6|b4|e0|01|0a|aa|7f|fe|34|23|87|45|78|21|0a|aa|7b|e6|00|00|00|00|00|00|00|00|00|00|00|00|00|00|00|00|00|00|

+---------+---------------+----------+
00:32:32,089,902   ETHER
|0   |34|23|87|45|78|21|38|97|d6|b4|e0|01|08|06|00|01|08|00|06|04|00|02|38|97|d6|b4|e0|01|0a|aa|7f|fe|34|23|87|45|78|21|0a|aa|7b|e6|00|00|00|00|00|00|00|00|00|00|00|00|00|00|00|00|00|00|

+---------+---------------+----------+
00:32:32,131,925   ETHER
|0   |34|23|87|45|78|21|38|97|d6|b4|e0|01|08|06|00|01|08|00|06|04|00|02|38|97|d6|b4|e0|01|0a|aa|7f|fe|34|23|87|45|78|21|0a|aa|7b|e6|00|00|00|00|00|00|00|00|00|00|00|00|00|00|00|00|00|00|

+---------+---------------+----------+
00:32:32,175,766   ETHER
|0   |34|23|87|45|78|21|38|97|d6|b4|e0|01|08|06|00|01|08|00|06|04|00|02|38|97|d6|b4|e0|01|0a|aa|7f|fe|34|23|87|45|78|21|0a|aa|7b|e6|00|00|00|00|00|00|00|00|00|00|00|00|00|00|00|00|00|00|

+---------+---------------+----------+
00:32:32,224,407   ETHER
|0   |34|23|87|45|78|21|38|97|d6|b4|e0|01|08|06|00|01|08|00|06|04|00|02|38|97|d6|b4|e0|01|0a|aa|7f|fe|34|23|87|45|78|21|0a|aa|7b|e6|00|00|00|00|00|00|00|00|00|00|00|00|00|00|00|00|00|00|

+---------+---------------+----------+
00:32:32,285,849   ETHER
|0   |34|23|87|45|78|21|38|97|d6|b4|e0|01|08|06|00|01|08|00|06|04|00|02|38|97|d6|b4|e0|01|0a|aa|7f|fe|34|23|87|45|78|21|0a|aa|7b|e6|00|00|00|00|00|00|00|00|00|00|00|00|00|00|00|00|00|00|

+---------+---------------+----------+
00:32:32,381,066   ETHER
|0   |34|23|87|45|78|21|38|97|d6|b4|e0|01|08|06|00|01|08|00|06|04|00|02|38|97|d6|b4|e0|01|0a|aa|7f|fe|34|23|87|45|78|21|0a|aa|7b|e6|00|00|00|00|00|00|00|00|00|00|00|00|00|00|00|00|00|00|

+---------+---------------+----------+
00:32:32,423,956   ETHER
|0   |34|23|87|45|78|21|38|97|d6|b4|e0|01|08|06|00|01|08|00|06|04|00|02|38|97|d6|b4|e0|01|0a|aa|7f|fe|34|23|87|45|78|21|0a|aa|7b|e6|00|00|00|00|00|00|00|00|00|00|00|00|00|00|00|00|00|00|

+---------+---------------+----------+
00:32:32,527,826   ETHER
|0   |34|23|87|45|78|21|38|97|d6|b4|e0|01|08|06|00|01|08|00|06|04|00|02|38|97|d6|b4|e0|01|0a|aa|7f|fe|34|23|87|45|78|21|0a|aa|7b|e6|00|00|00|00|00|00|00|00|00|00|00|00|00|00|00|00|00|00|

+---------+---------------+----------+
00:32:32,630,498   ETHER
|0   |34|23|87|45|78|21|38|97|d6|b4|e0|01|08|06|00|01|08|00|06|04|00|02|38|97|d6|b4|e0|01|0a|aa|7f|fe|34|23|87|45|78|21|0a|aa|7b|e6|00|00|00|00|00|00|00|00|00|00|00|00|00|00|00|00|00|00|

+---------+---------------+----------+
00:32:32,731,259   ETHER
|0   |34|23|87|45|78|21|38|97|d6|b4|e0|01|08|06|00|01|08|00|06|04|00|02|38|97|d6|b4|e0|01|0a|aa|7f|fe|34|23|87|45|78|21|0a|aa|7b|e6|00|00|00|00|00|00|00|00|00|00|00|00|00|00|00|00|00|00|

+---------+---------------+----------+
00:32:32,833,474   ETHER
|0   |34|23|87|45|78|21|38|97|d6|b4|e0|01|08|06|00|01|08|00|06|04|00|02|38|97|d6|b4|e0|01|0a|aa|7f|fe|34|23|87|45|78|21|0a|aa|7b|e6|00|00|00|00|00|00|00|00|00|00|00|00|00|00|00|00|00|00|

+---------+---------------+----------+
00:32:32,937,464   ETHER
|0   |34|23|87|45|78|21|38|97|d6|b4|e0|01|08|06|00|01|08|00|06|04|00|02|38|97|d6|b4|e0|01|0a|aa|7f|fe|34|23|87|45|78|21|0a|aa|7b|e6|00|00|00|00|00|00|00|00|00|00|00|00|00|00|00|00|00|00|

+---------+---------------+----------+
00:32:33,039,859   ETHER
|0   |34|23|87|45|78|21|38|97|d6|b4|e0|01|08|06|00|01|08|00|06|04|00|02|38|97|d6|b4|e0|01|0a|aa|7f|fe|34|23|87|45|78|21|0a|aa|7b|e6|00|00|00|00|00|00|00|00|00|00|00|00|00|00|00|00|00|00|

+---------+---------------+----------+
00:32:33,143,039   ETHER
|0   |34|23|87|45|78|21|38|97|d6|b4|e0|01|08|06|00|01|08|00|06|04|00|02|38|97|d6|b4|e0|01|0a|aa|7f|fe|34|23|87|45|78|21|0a|aa|7b|e6|00|00|00|00|00|00|00|00|00|00|00|00|00|00|00|00|00|00|

+---------+---------------+----------+
00:32:33,222,294   ETHER
|0   |34|23|87|45|78|21|38|97|d6|b4|e0|01|08|06|00|01|08|00|06|04|00|02|38|97|d6|b4|e0|01|0a|aa|7f|fe|34|23|87|45|78|21|0a|aa|7b|e6|00|00|00|00|00|00|00|00|00|00|00|00|00|00|00|00|00|00|

+---------+---------------+----------+
00:32:33,278,514   ETHER
|0   |34|23|87|45|78|21|38|97|d6|b4|e0|01|08|06|00|01|08|00|06|04|00|02|38|97|d6|b4|e0|01|0a|aa|7f|fe|34|23|87|45|78|21|0a|aa|7b|e6|00|00|00|00|00|00|00|00|00|00|00|00|00|00|00|00|00|00|

+---------+---------------+----------+
00:32:33,334,726   ETHER
|0   |34|23|87|45|78|21|38|97|d6|b4|e0|01|08|06|00|01|08|00|06|04|00|02|38|97|d6|b4|e0|01|0a|aa|7f|fe|34|23|87|45|78|21|0a|aa|7b|e6|00|00|00|00|00|00|00|00|00|00|00|00|00|00|00|00|00|00|

+---------+---------------+----------+
00:32:33,392,925   ETHER
|0   |34|23|87|45|78|21|38|97|d6|b4|e0|01|08|06|00|01|08|00|06|04|00|02|38|97|d6|b4|e0|01|0a|aa|7f|fe|34|23|87|45|78|21|0a|aa|7b|e6|00|00|00|00|00|00|00|00|00|00|00|00|00|00|00|00|00|00|

+---------+---------------+----------+
00:32:33,447,918   ETHER
|0   |34|23|87|45|78|21|38|97|d6|b4|e0|01|08|06|00|01|08|00|06|04|00|02|38|97|d6|b4|e0|01|0a|aa|7f|fe|34|23|87|45|78|21|0a|aa|7b|e6|00|00|00|00|00|00|00|00|00|00|00|00|00|00|00|00|00|00|

+---------+---------------+----------+
00:32:33,556,630   ETHER
|0   |34|23|87|45|78|21|38|97|d6|b4|e0|01|08|06|00|01|08|00|06|04|00|02|38|97|d6|b4|e0|01|0a|aa|7f|fe|34|23|87|45|78|21|0a|aa|7b|e6|00|00|00|00|00|00|00|00|00|00|00|00|00|00|00|00|00|00|

+---------+---------------+----------+
00:32:33,656,212   ETHER
|0   |34|23|87|45|78|21|38|97|d6|b4|e0|01|08|06|00|01|08|00|06|04|00|02|38|97|d6|b4|e0|01|0a|aa|7f|fe|34|23|87|45|78|21|0a|aa|7b|e6|00|00|00|00|00|00|00|00|00|00|00|00|00|00|00|00|00|00|

+---------+---------------+----------+
00:32:33,755,126   ETHER
|0   |34|23|87|45|78|21|38|97|d6|b4|e0|01|08|06|00|01|08|00|06|04|00|02|38|97|d6|b4|e0|01|0a|aa|7f|fe|34|23|87|45|78|21|0a|aa|7b|e6|00|00|00|00|00|00|00|00|00|00|00|00|00|00|00|00|00|00|

+---------+---------------+----------+
00:32:33,859,112   ETHER
|0   |34|23|87|45|78|21|38|97|d6|b4|e0|01|08|06|00|01|08|00|06|04|00|02|38|97|d6|b4|e0|01|0a|aa|7f|fe|34|23|87|45|78|21|0a|aa|7b|e6|00|00|00|00|00|00|00|00|00|00|00|00|00|00|00|00|00|00|

+---------+---------------+----------+
00:32:33,961,508   ETHER
|0   |34|23|87|45|78|21|38|97|d6|b4|e0|01|08|06|00|01|08|00|06|04|00|02|38|97|d6|b4|e0|01|0a|aa|7f|fe|34|23|87|45|78|21|0a|aa|7b|e6|00|00|00|00|00|00|00|00|00|00|00|00|00|00|00|00|00|00|

+---------+---------------+----------+
00:32:34,063,812   ETHER
|0   |34|23|87|45|78|21|38|97|d6|b4|e0|01|08|06|00|01|08|00|06|04|00|02|38|97|d6|b4|e0|01|0a|aa|7f|fe|34|23|87|45|78|21|0a|aa|7b|e6|00|00|00|00|00|00|00|00|00|00|00|00|00|00|00|00|00|00|

+---------+---------------+----------+
00:32:34,166,660   ETHER
|0   |34|23|87|45|78|21|38|97|d6|b4|e0|01|08|06|00|01|08|00|06|04|00|02|38|97|d6|b4|e0|01|0a|aa|7f|fe|34|23|87|45|78|21|0a|aa|7b|e6|00|00|00|00|00|00|00|00|00|00|00|00|00|00|00|00|00|00|

+---------+---------------+----------+
00:32:34,268,704   ETHER
|0   |34|23|87|45|78|21|38|97|d6|b4|e0|01|08|06|00|01|08|00|06|04|00|02|38|97|d6|b4|e0|01|0a|aa|7f|fe|34|23|87|45|78|21|0a|aa|7b|e6|00|00|00|00|00|00|00|00|00|00|00|00|00|00|00|00|00|00|

+---------+---------------+----------+
00:32:34,371,060   ETHER
|0   |34|23|87|45|78|21|38|97|d6|b4|e0|01|08|06|00|01|08|00|06|04|00|02|38|97|d6|b4|e0|01|0a|aa|7f|fe|34|23|87|45|78|21|0a|aa|7b|e6|00|00|00|00|00|00|00|00|00|00|00|00|00|00|00|00|00|00|

+---------+---------------+----------+
00:32:34,471,985   ETHER
|0   |34|23|87|45|78|21|38|97|d6|b4|e0|01|08|06|00|01|08|00|06|04|00|02|38|97|d6|b4|e0|01|0a|aa|7f|fe|34|23|87|45|78|21|0a|aa|7b|e6|00|00|00|00|00|00|00|00|00|00|00|00|00|00|00|00|00|00|

+---------+---------------+----------+
00:32:34,574,284   ETHER
|0   |34|23|87|45|78|21|38|97|d6|b4|e0|01|08|06|00|01|08|00|06|04|00|02|38|97|d6|b4|e0|01|0a|aa|7f|fe|34|23|87|45|78|21|0a|aa|7b|e6|00|00|00|00|00|00|00|00|00|00|00|00|00|00|00|00|00|00|

+---------+---------------+----------+
00:32:34,678,209   ETHER
|0   |34|23|87|45|78|21|38|97|d6|b4|e0|01|08|06|00|01|08|00|06|04|00|02|38|97|d6|b4|e0|01|0a|aa|7f|fe|34|23|87|45|78|21|0a|aa|7b|e6|00|00|00|00|00|00|00|00|00|00|00|00|00|00|00|00|00|00|

+---------+---------------+----------+
00:32:34,779,161   ETHER
|0   |34|23|87|45|78|21|38|97|d6|b4|e0|01|08|06|00|01|08|00|06|04|00|02|38|97|d6|b4|e0|01|0a|aa|7f|fe|34|23|87|45|78|21|0a|aa|7b|e6|00|00|00|00|00|00|00|00|00|00|00|00|00|00|00|00|00|00|

+---------+---------------+----------+
00:32:34,883,462   ETHER
|0   |34|23|87|45|78|21|38|97|d6|b4|e0|01|08|06|00|01|08|00|06|04|00|02|38|97|d6|b4|e0|01|0a|aa|7f|fe|34|23|87|45|78|21|0a|aa|7b|e6|00|00|00|00|00|00|00|00|00|00|00|00|00|00|00|00|00|00|

+---------+---------------+----------+
00:32:34,985,469   ETHER
|0   |34|23|87|45|78|21|38|97|d6|b4|e0|01|08|06|00|01|08|00|06|04|00|02|38|97|d6|b4|e0|01|0a|aa|7f|fe|34|23|87|45|78|21|0a|aa|7b|e6|00|00|00|00|00|00|00|00|00|00|00|00|00|00|00|00|00|00|

+---------+---------------+----------+
00:32:35,086,387   ETHER
|0   |34|23|87|45|78|21|38|97|d6|b4|e0|01|08|06|00|01|08|00|06|04|00|02|38|97|d6|b4|e0|01|0a|aa|7f|fe|34|23|87|45|78|21|0a|aa|7b|e6|00|00|00|00|00|00|00|00|00|00|00|00|00|00|00|00|00|00|

+---------+---------------+----------+
00:32:35,190,254   ETHER
|0   |34|23|87|45|78|21|38|97|d6|b4|e0|01|08|06|00|01|08|00|06|04|00|02|38|97|d6|b4|e0|01|0a|aa|7f|fe|34|23|87|45|78|21|0a|aa|7b|e6|00|00|00|00|00|00|00|00|00|00|00|00|00|00|00|00|00|00|

+---------+---------------+----------+
00:32:35,291,139   ETHER
|0   |34|23|87|45|78|21|38|97|d6|b4|e0|01|08|06|00|01|08|00|06|04|00|02|38|97|d6|b4|e0|01|0a|aa|7f|fe|34|23|87|45|78|21|0a|aa|7b|e6|00|00|00|00|00|00|00|00|00|00|00|00|00|00|00|00|00|00|

+---------+---------------+----------+
00:32:35,393,752   ETHER
|0   |34|23|87|45|78|21|38|97|d6|b4|e0|01|08|06|00|01|08|00|06|04|00|02|38|97|d6|b4|e0|01|0a|aa|7f|fe|34|23|87|45|78|21|0a|aa|7b|e6|00|00|00|00|00|00|00|00|00|00|00|00|00|00|00|00|00|00|

+---------+---------------+----------+
00:32:35,497,509   ETHER
|0   |34|23|87|45|78|21|38|97|d6|b4|e0|01|08|06|00|01|08|00|06|04|00|02|38|97|d6|b4|e0|01|0a|aa|7f|fe|34|23|87|45|78|21|0a|aa|7b|e6|00|00|00|00|00|00|00|00|00|00|00|00|00|00|00|00|00|00|

+---------+---------------+----------+
00:32:36,626,114   ETHER
|0   |34|23|87|45|78|21|38|97|d6|b4|e0|01|08|06|00|01|08|00|06|04|00|02|38|97|d6|b4|e0|01|0a|aa|7f|fe|34|23|87|45|78|21|0a|aa|7b|e6|00|00|00|00|00|00|00|00|00|00|00|00|00|00|00|00|00|00|

+---------+---------------+----------+
00:32:36,726,255   ETHER
|0   |34|23|87|45|78|21|38|97|d6|b4|e0|01|08|06|00|01|08|00|06|04|00|02|38|97|d6|b4|e0|01|0a|aa|7f|fe|34|23|87|45|78|21|0a|aa|7b|e6|00|00|00|00|00|00|00|00|00|00|00|00|00|00|00|00|00|00|

+---------+---------------+----------+
00:32:36,827,151   ETHER
|0   |34|23|87|45|78|21|38|97|d6|b4|e0|01|08|06|00|01|08|00|06|04|00|02|38|97|d6|b4|e0|01|0a|aa|7f|fe|34|23|87|45|78|21|0a|aa|7b|e6|00|00|00|00|00|00|00|00|00|00|00|00|00|00|00|00|00|00|

+---------+---------------+----------+
00:32:36,929,666   ETHER
|0   |34|23|87|45|78|21|38|97|d6|b4|e0|01|08|06|00|01|08|00|06|04|00|02|38|97|d6|b4|e0|01|0a|aa|7f|fe|34|23|87|45|78|21|0a|aa|7b|e6|00|00|00|00|00|00|00|00|00|00|00|00|00|00|00|00|00|00|

+---------+---------------+----------+
00:32:37,032,873   ETHER
|0   |34|23|87|45|78|21|38|97|d6|b4|e0|01|08|06|00|01|08|00|06|04|00|02|38|97|d6|b4|e0|01|0a|aa|7f|fe|34|23|87|45|78|21|0a|aa|7b|e6|00|00|00|00|00|00|00|00|00|00|00|00|00|00|00|00|00|00|

+---------+---------------+----------+
00:32:37,134,637   ETHER
|0   |34|23|87|45|78|21|38|97|d6|b4|e0|01|08|06|00|01|08|00|06|04|00|02|38|97|d6|b4|e0|01|0a|aa|7f|fe|34|23|87|45|78|21|0a|aa|7b|e6|00|00|00|00|00|00|00|00|00|00|00|00|00|00|00|00|00|00|

+---------+---------------+----------+
00:32:37,238,950   ETHER
|0   |34|23|87|45|78|21|38|97|d6|b4|e0|01|08|06|00|01|08|00|06|04|00|02|38|97|d6|b4|e0|01|0a|aa|7f|fe|34|23|87|45|78|21|0a|aa|7b|e6|00|00|00|00|00|00|00|00|00|00|00|00|00|00|00|00|00|00|

+---------+---------------+----------+
00:32:37,341,020   ETHER
|0   |34|23|87|45|78|21|38|97|d6|b4|e0|01|08|06|00|01|08|00|06|04|00|02|38|97|d6|b4|e0|01|0a|aa|7f|fe|34|23|87|45|78|21|0a|aa|7b|e6|00|00|00|00|00|00|00|00|00|00|00|00|00|00|00|00|00|00|

+---------+---------------+----------+
00:32:37,446,359   ETHER
|0   |34|23|87|45|78|21|38|97|d6|b4|e0|01|08|06|00|01|08|00|06|04|00|02|38|97|d6|b4|e0|01|0a|aa|7f|fe|34|23|87|45|78|21|0a|aa|7b|e6|00|00|00|00|00|00|00|00|00|00|00|00|00|00|00|00|00|00|

+---------+---------------+----------+
00:32:37,543,953   ETHER
|0   |34|23|87|45|78|21|38|97|d6|b4|e0|01|08|06|00|01|08|00|06|04|00|02|38|97|d6|b4|e0|01|0a|aa|7f|fe|34|23|87|45|78|21|0a|aa|7b|e6|00|00|00|00|00|00|00|00|00|00|00|00|00|00|00|00|00|00|

+---------+---------------+----------+
00:32:37,647,904   ETHER
|0   |34|23|87|45|78|21|38|97|d6|b4|e0|01|08|06|00|01|08|00|06|04|00|02|38|97|d6|b4|e0|01|0a|aa|7f|fe|34|23|87|45|78|21|0a|aa|7b|e6|00|00|00|00|00|00|00|00|00|00|00|00|00|00|00|00|00|00|

+---------+---------------+----------+
00:32:37,748,781   ETHER
|0   |34|23|87|45|78|21|38|97|d6|b4|e0|01|08|06|00|01|08|00|06|04|00|02|38|97|d6|b4|e0|01|0a|aa|7f|fe|34|23|87|45|78|21|0a|aa|7b|e6|00|00|00|00|00|00|00|00|00|00|00|00|00|00|00|00|00|00|

+---------+---------------+----------+
00:32:37,852,270   ETHER
|0   |34|23|87|45|78|21|38|97|d6|b4|e0|01|08|06|00|01|08|00|06|04|00|02|38|97|d6|b4|e0|01|0a|aa|7f|fe|34|23|87|45|78|21|0a|aa|7b|e6|00|00|00|00|00|00|00|00|00|00|00|00|00|00|00|00|00|00|

+---------+---------------+----------+
00:32:37,969,527   ETHER
|0   |34|23|87|45|78|21|38|97|d6|b4|e0|01|08|06|00|01|08|00|06|04|00|02|38|97|d6|b4|e0|01|0a|aa|7f|fe|34|23|87|45|78|21|0a|aa|7b|e6|00|00|00|00|00|00|00|00|00|00|00|00|00|00|00|00|00|00|

+---------+---------------+----------+
00:32:38,064,761   ETHER
|0   |34|23|87|45|78|21|38|97|d6|b4|e0|01|08|06|00|01|08|00|06|04|00|02|38|97|d6|b4|e0|01|0a|aa|7f|fe|34|23|87|45|78|21|0a|aa|7b|e6|00|00|00|00|00|00|00|00|00|00|00|00|00|00|00|00|00|00|

+---------+---------------+----------+
00:32:38,903,479   ETHER
|0   |34|23|87|45|78|21|38|97|d6|b4|e0|01|08|06|00|01|08|00|06|04|00|02|38|97|d6|b4|e0|01|0a|aa|7f|fe|34|23|87|45|78|21|0a|aa|7b|e6|00|00|00|00|00|00|00|00|00|00|00|00|00|00|00|00|00|00|

+---------+---------------+----------+
00:32:38,960,006   ETHER
|0   |34|23|87|45|78|21|38|97|d6|b4|e0|01|08|06|00|01|08|00|06|04|00|02|38|97|d6|b4|e0|01|0a|aa|7f|fe|34|23|87|45|78|21|0a|aa|7b|e6|00|00|00|00|00|00|00|00|00|00|00|00|00|00|00|00|00|00|

+---------+---------------+----------+
00:32:39,044,077   ETHER
|0   |34|23|87|45|78|21|38|97|d6|b4|e0|01|08|06|00|01|08|00|06|04|00|02|38|97|d6|b4|e0|01|0a|aa|7f|fe|34|23|87|45|78|21|0a|aa|7b|e6|00|00|00|00|00|00|00|00|00|00|00|00|00|00|00|00|00|00|

+---------+---------------+----------+
00:32:39,139,017   ETHER
|0   |34|23|87|45|78|21|38|97|d6|b4|e0|01|08|06|00|01|08|00|06|04|00|02|38|97|d6|b4|e0|01|0a|aa|7f|fe|34|23|87|45|78|21|0a|aa|7b|e6|00|00|00|00|00|00|00|00|00|00|00|00|00|00|00|00|00|00|

+---------+---------------+----------+
00:32:39,177,615   ETHER
|0   |34|23|87|45|78|21|38|97|d6|b4|e0|01|08|06|00|01|08|00|06|04|00|02|38|97|d6|b4|e0|01|0a|aa|7f|fe|34|23|87|45|78|21|0a|aa|7b|e6|00|00|00|00|00|00|00|00|00|00|00|00|00|00|00|00|00|00|

+---------+---------------+----------+
00:32:40,106,076   ETHER
|0   |34|23|87|45|78|21|38|97|d6|b4|e0|01|08|06|00|01|08|00|06|04|00|02|38|97|d6|b4|e0|01|0a|aa|7f|fe|34|23|87|45|78|21|0a|aa|7b|e6|00|00|00|00|00|00|00|00|00|00|00|00|00|00|00|00|00|00|

+---------+---------------+----------+
00:32:40,208,317   ETHER
|0   |34|23|87|45|78|21|38|97|d6|b4|e0|01|08|06|00|01|08|00|06|04|00|02|38|97|d6|b4|e0|01|0a|aa|7f|fe|34|23|87|45|78|21|0a|aa|7b|e6|00|00|00|00|00|00|00|00|00|00|00|00|00|00|00|00|00|00|

+---------+---------------+----------+
00:32:40,310,314   ETHER
|0   |34|23|87|45|78|21|38|97|d6|b4|e0|01|08|06|00|01|08|00|06|04|00|02|38|97|d6|b4|e0|01|0a|aa|7f|fe|34|23|87|45|78|21|0a|aa|7b|e6|00|00|00|00|00|00|00|00|00|00|00|00|00|00|00|00|00|00|

+---------+---------------+----------+
00:32:40,412,664   ETHER
|0   |34|23|87|45|78|21|38|97|d6|b4|e0|01|08|06|00|01|08|00|06|04|00|02|38|97|d6|b4|e0|01|0a|aa|7f|fe|34|23|87|45|78|21|0a|aa|7b|e6|00|00|00|00|00|00|00|00|00|00|00|00|00|00|00|00|00|00|

+---------+---------------+----------+
00:32:40,515,019   ETHER
|0   |34|23|87|45|78|21|38|97|d6|b4|e0|01|08|06|00|01|08|00|06|04|00|02|38|97|d6|b4|e0|01|0a|aa|7f|fe|34|23|87|45|78|21|0a|aa|7b|e6|00|00|00|00|00|00|00|00|00|00|00|00|00|00|00|00|00|00|

+---------+---------------+----------+
00:32:40,619,184   ETHER
|0   |34|23|87|45|78|21|38|97|d6|b4|e0|01|08|06|00|01|08|00|06|04|00|02|38|97|d6|b4|e0|01|0a|aa|7f|fe|34|23|87|45|78|21|0a|aa|7b|e6|00|00|00|00|00|00|00|00|00|00|00|00|00|00|00|00|00|00|

+---------+---------------+----------+
00:32:40,688,150   ETHER
|0   |34|23|87|45|78|21|38|97|d6|b4|e0|01|08|06|00|01|08|00|06|04|00|02|38|97|d6|b4|e0|01|0a|aa|7f|fe|34|23|87|45|78|21|0a|aa|7b|e6|00|00|00|00|00|00|00|00|00|00|00|00|00|00|00|00|00|00|

+---------+---------------+----------+
00:32:40,812,132   ETHER
|0   |34|23|87|45|78|21|38|97|d6|b4|e0|01|08|06|00|01|08|00|06|04|00|02|38|97|d6|b4|e0|01|0a|aa|7f|fe|34|23|87|45|78|21|0a|aa|7b|e6|00|00|00|00|00|00|00|00|00|00|00|00|00|00|00|00|00|00|

+---------+---------------+----------+
00:32:40,851,718   ETHER
|0   |34|23|87|45|78|21|38|97|d6|b4|e0|01|08|06|00|01|08|00|06|04|00|02|38|97|d6|b4|e0|01|0a|aa|7f|fe|34|23|87|45|78|21|0a|aa|7b|e6|00|00|00|00|00|00|00|00|00|00|00|00|00|00|00|00|00|00|

+---------+---------------+----------+
00:32:40,893,607   ETHER
|0   |34|23|87|45|78|21|38|97|d6|b4|e0|01|08|06|00|01|08|00|06|04|00|02|38|97|d6|b4|e0|01|0a|aa|7f|fe|34|23|87|45|78|21|0a|aa|7b|e6|00|00|00|00|00|00|00|00|00|00|00|00|00|00|00|00|00|00|

+---------+---------------+----------+
00:32:40,933,847   ETHER
|0   |34|23|87|45|78|21|38|97|d6|b4|e0|01|08|06|00|01|08|00|06|04|00|02|38|97|d6|b4|e0|01|0a|aa|7f|fe|34|23|87|45|78|21|0a|aa|7b|e6|00|00|00|00|00|00|00|00|00|00|00|00|00|00|00|00|00|00|

+---------+---------------+----------+
00:32:42,771,084   ETHER
|0   |34|23|87|45|78|21|38|97|d6|b4|e0|01|08|06|00|01|08|00|06|04|00|02|38|97|d6|b4|e0|01|0a|aa|7f|fe|34|23|87|45|78|21|0a|aa|7b|e6|00|00|00|00|00|00|00|00|00|00|00|00|00|00|00|00|00|00|

+---------+---------------+----------+
00:32:42,869,389   ETHER
|0   |34|23|87|45|78|21|38|97|d6|b4|e0|01|08|06|00|01|08|00|06|04|00|02|38|97|d6|b4|e0|01|0a|aa|7f|fe|34|23|87|45|78|21|0a|aa|7b|e6|00|00|00|00|00|00|00|00|00|00|00|00|00|00|00|00|00|00|

+---------+---------------+----------+
00:32:42,971,214   ETHER
|0   |34|23|87|45|78|21|38|97|d6|b4|e0|01|08|06|00|01|08|00|06|04|00|02|38|97|d6|b4|e0|01|0a|aa|7f|fe|34|23|87|45|78|21|0a|aa|7b|e6|00|00|00|00|00|00|00|00|00|00|00|00|00|00|00|00|00|00|

+---------+---------------+----------+
00:32:43,073,555   ETHER
|0   |34|23|87|45|78|21|38|97|d6|b4|e0|01|08|06|00|01|08|00|06|04|00|02|38|97|d6|b4|e0|01|0a|aa|7f|fe|34|23|87|45|78|21|0a|aa|7b|e6|00|00|00|00|00|00|00|00|00|00|00|00|00|00|00|00|00|00|

+---------+---------------+----------+
00:32:43,176,265   ETHER
|0   |34|23|87|45|78|21|38|97|d6|b4|e0|01|08|06|00|01|08|00|06|04|00|02|38|97|d6|b4|e0|01|0a|aa|7f|fe|34|23|87|45|78|21|0a|aa|7b|e6|00|00|00|00|00|00|00|00|00|00|00|00|00|00|00|00|00|00|

+---------+---------------+----------+
00:32:43,284,816   ETHER
|0   |34|23|87|45|78|21|38|97|d6|b4|e0|01|08|06|00|01|08|00|06|04|00|02|38|97|d6|b4|e0|01|0a|aa|7f|fe|34|23|87|45|78|21|0a|aa|7b|e6|00|00|00|00|00|00|00|00|00|00|00|00|00|00|00|00|00|00|

+---------+---------------+----------+
00:32:43,380,845   ETHER
|0   |34|23|87|45|78|21|38|97|d6|b4|e0|01|08|06|00|01|08|00|06|04|00|02|38|97|d6|b4|e0|01|0a|aa|7f|fe|34|23|87|45|78|21|0a|aa|7b|e6|00|00|00|00|00|00|00|00|00|00|00|00|00|00|00|00|00|00|

+---------+---------------+----------+
00:32:43,483,276   ETHER
|0   |34|23|87|45|78|21|38|97|d6|b4|e0|01|08|06|00|01|08|00|06|04|00|02|38|97|d6|b4|e0|01|0a|aa|7f|fe|34|23|87|45|78|21|0a|aa|7b|e6|00|00|00|00|00|00|00|00|00|00|00|00|00|00|00|00|00|00|

+---------+---------------+----------+
00:32:43,585,617   ETHER
|0   |34|23|87|45|78|21|38|97|d6|b4|e0|01|08|06|00|01|08|00|06|04|00|02|38|97|d6|b4|e0|01|0a|aa|7f|fe|34|23|87|45|78|21|0a|aa|7b|e6|00|00|00|00|00|00|00|00|00|00|00|00|00|00|00|00|00|00|

+---------+---------------+----------+
00:32:43,695,992   ETHER
|0   |34|23|87|45|78|21|38|97|d6|b4|e0|01|08|06|00|01|08|00|06|04|00|02|38|97|d6|b4|e0|01|0a|aa|7f|fe|34|23|87|45|78|21|0a|aa|7b|e6|00|00|00|00|00|00|00|00|00|00|00|00|00|00|00|00|00|00|

+---------+---------------+----------+
00:32:43,792,267   ETHER
|0   |34|23|87|45|78|21|38|97|d6|b4|e0|01|08|06|00|01|08|00|06|04|00|02|38|97|d6|b4|e0|01|0a|aa|7f|fe|34|23|87|45|78|21|0a|aa|7b|e6|00|00|00|00|00|00|00|00|00|00|00|00|00|00|00|00|00|00|

+---------+---------------+----------+
00:32:43,880,961   ETHER
|0   |34|23|87|45|78|21|38|97|d6|b4|e0|01|08|06|00|01|08|00|06|04|00|02|38|97|d6|b4|e0|01|0a|aa|7f|fe|34|23|87|45|78|21|0a|aa|7b|e6|00|00|00|00|00|00|00|00|00|00|00|00|00|00|00|00|00|00|

+---------+---------------+----------+
00:32:43,934,388   ETHER
|0   |34|23|87|45|78|21|38|97|d6|b4|e0|01|08|06|00|01|08|00|06|04|00|02|38|97|d6|b4|e0|01|0a|aa|7f|fe|34|23|87|45|78|21|0a|aa|7b|e6|00|00|00|00|00|00|00|00|00|00|00|00|00|00|00|00|00|00|

+---------+---------------+----------+
00:32:43,990,423   ETHER
|0   |34|23|87|45|78|21|38|97|d6|b4|e0|01|08|06|00|01|08|00|06|04|00|02|38|97|d6|b4|e0|01|0a|aa|7f|fe|34|23|87|45|78|21|0a|aa|7b|e6|00|00|00|00|00|00|00|00|00|00|00|00|00|00|00|00|00|00|

+---------+---------------+----------+
00:32:44,097,627   ETHER
|0   |34|23|87|45|78|21|38|97|d6|b4|e0|01|08|06|00|01|08|00|06|04|00|02|38|97|d6|b4|e0|01|0a|aa|7f|fe|34|23|87|45|78|21|0a|aa|7b|e6|00|00|00|00|00|00|00|00|00|00|00|00|00|00|00|00|00|00|

+---------+---------------+----------+
00:32:44,200,022   ETHER
|0   |34|23|87|45|78|21|38|97|d6|b4|e0|01|08|06|00|01|08|00|06|04|00|02|38|97|d6|b4|e0|01|0a|aa|7f|fe|34|23|87|45|78|21|0a|aa|7b|e6|00|00|00|00|00|00|00|00|00|00|00|00|00|00|00|00|00|00|

+---------+---------------+----------+
00:32:44,303,848   ETHER
|0   |34|23|87|45|78|21|38|97|d6|b4|e0|01|08|06|00|01|08|00|06|04|00|02|38|97|d6|b4|e0|01|0a|aa|7f|fe|34|23|87|45|78|21|0a|aa|7b|e6|00|00|00|00|00|00|00|00|00|00|00|00|00|00|00|00|00|00|

+---------+---------------+----------+
00:32:45,326,351   ETHER
|0   |34|23|87|45|78|21|38|97|d6|b4|e0|01|08|06|00|01|08|00|06|04|00|02|38|97|d6|b4|e0|01|0a|aa|7f|fe|34|23|87|45|78|21|0a|aa|7b|e6|00|00|00|00|00|00|00|00|00|00|00|00|00|00|00|00|00|00|

+---------+---------------+----------+
00:32:45,428,720   ETHER
|0   |34|23|87|45|78|21|38|97|d6|b4|e0|01|08|06|00|01|08|00|06|04|00|02|38|97|d6|b4|e0|01|0a|aa|7f|fe|34|23|87|45|78|21|0a|aa|7b|e6|00|00|00|00|00|00|00|00|00|00|00|00|00|00|00|00|00|00|

+---------+---------------+----------+
00:32:45,531,233   ETHER
|0   |34|23|87|45|78|21|38|97|d6|b4|e0|01|08|06|00|01|08|00|06|04|00|02|38|97|d6|b4|e0|01|0a|aa|7f|fe|34|23|87|45|78|21|0a|aa|7b|e6|00|00|00|00|00|00|00|00|00|00|00|00|00|00|00|00|00|00|

+---------+---------------+----------+
00:32:45,633,864   ETHER
|0   |34|23|87|45|78|21|38|97|d6|b4|e0|01|08|06|00|01|08|00|06|04|00|02|38|97|d6|b4|e0|01|0a|aa|7f|fe|34|23|87|45|78|21|0a|aa|7b|e6|00|00|00|00|00|00|00|00|00|00|00|00|00|00|00|00|00|00|

+---------+---------------+----------+
00:32:45,736,034   ETHER
|0   |34|23|87|45|78|21|38|97|d6|b4|e0|01|08|06|00|01|08|00|06|04|00|02|38|97|d6|b4|e0|01|0a|aa|7f|fe|34|23|87|45|78|21|0a|aa|7b|e6|00|00|00|00|00|00|00|00|00|00|00|00|00|00|00|00|00|00|

+---------+---------------+----------+
00:32:45,838,583   ETHER
|0   |34|23|87|45|78|21|38|97|d6|b4|e0|01|08|06|00|01|08|00|06|04|00|02|38|97|d6|b4|e0|01|0a|aa|7f|fe|34|23|87|45|78|21|0a|aa|7b|e6|00|00|00|00|00|00|00|00|00|00|00|00|00|00|00|00|00|00|

+---------+---------------+----------+
00:32:47,273,459   ETHER
|0   |34|23|87|45|78|21|38|97|d6|b4|e0|01|08|06|00|01|08|00|06|04|00|02|38|97|d6|b4|e0|01|0a|aa|7f|fe|34|23|87|45|78|21|0a|aa|7b|e6|00|00|00|00|00|00|00|00|00|00|00|00|00|00|00|00|00|00|

+---------+---------------+----------+
00:32:47,375,857   ETHER
|0   |34|23|87|45|78|21|38|97|d6|b4|e0|01|08|06|00|01|08|00|06|04|00|02|38|97|d6|b4|e0|01|0a|aa|7f|fe|34|23|87|45|78|21|0a|aa|7b|e6|00|00|00|00|00|00|00|00|00|00|00|00|00|00|00|00|00|00|

+---------+---------------+----------+
00:32:47,479,010   ETHER
|0   |34|23|87|45|78|21|38|97|d6|b4|e0|01|08|06|00|01|08|00|06|04|00|02|38|97|d6|b4|e0|01|0a|aa|7f|fe|34|23|87|45|78|21|0a|aa|7b|e6|00|00|00|00|00|00|00|00|00|00|00|00|00|00|00|00|00|00|

+---------+---------------+----------+
00:32:47,583,631   ETHER
|0   |34|23|87|45|78|21|38|97|d6|b4|e0|01|08|06|00|01|08|00|06|04|00|02|38|97|d6|b4|e0|01|0a|aa|7f|fe|34|23|87|45|78|21|0a|aa|7b|e6|00|00|00|00|00|00|00|00|00|00|00|00|00|00|00|00|00|00|

+---------+---------------+----------+
00:32:47,611,434   ETHER
|0   |34|23|87|45|78|21|38|97|d6|b4|e0|01|08|06|00|01|08|00|06|04|00|02|38|97|d6|b4|e0|01|0a|aa|7f|fe|34|23|87|45|78|21|0a|aa|7b|e6|00|00|00|00|00|00|00|00|00|00|00|00|00|00|00|00|00|00|

+---------+---------------+----------+
00:32:47,694,988   ETHER
|0   |34|23|87|45|78|21|38|97|d6|b4|e0|01|08|06|00|01|08|00|06|04|00|02|38|97|d6|b4|e0|01|0a|aa|7f|fe|34|23|87|45|78|21|0a|aa|7b|e6|00|00|00|00|00|00|00|00|00|00|00|00|00|00|00|00|00|00|

+---------+---------------+----------+
00:32:47,809,943   ETHER
|0   |34|23|87|45|78|21|38|97|d6|b4|e0|01|08|06|00|01|08|00|06|04|00|02|38|97|d6|b4|e0|01|0a|aa|7f|fe|34|23|87|45|78|21|0a|aa|7b|e6|00|00|00|00|00|00|00|00|00|00|00|00|00|00|00|00|00|00|

+---------+---------------+----------+
00:32:47,988,856   ETHER
|0   |34|23|87|45|78|21|38|97|d6|b4|e0|01|08|06|00|01|08|00|06|04|00|02|38|97|d6|b4|e0|01|0a|aa|7f|fe|34|23|87|45|78|21|0a|aa|7b|e6|00|00|00|00|00|00|00|00|00|00|00|00|00|00|00|00|00|00|

+---------+---------------+----------+
00:32:48,092,719   ETHER
|0   |34|23|87|45|78|21|38|97|d6|b4|e0|01|08|06|00|01|08|00|06|04|00|02|38|97|d6|b4|e0|01|0a|aa|7f|fe|34|23|87|45|78|21|0a|aa|7b|e6|00|00|00|00|00|00|00|00|00|00|00|00|00|00|00|00|00|00|

+---------+---------------+----------+
00:32:48,193,616   ETHER
|0   |34|23|87|45|78|21|38|97|d6|b4|e0|01|08|06|00|01|08|00|06|04|00|02|38|97|d6|b4|e0|01|0a|aa|7f|fe|34|23|87|45|78|21|0a|aa|7b|e6|00|00|00|00|00|00|00|00|00|00|00|00|00|00|00|00|00|00|

+---------+---------------+----------+
00:32:48,297,515   ETHER
|0   |34|23|87|45|78|21|38|97|d6|b4|e0|01|08|06|00|01|08|00|06|04|00|02|38|97|d6|b4|e0|01|0a|aa|7f|fe|34|23|87|45|78|21|0a|aa|7b|e6|00|00|00|00|00|00|00|00|00|00|00|00|00|00|00|00|00|00|

+---------+---------------+----------+
00:32:48,400,438   ETHER
|0   |34|23|87|45|78|21|38|97|d6|b4|e0|01|08|06|00|01|08|00|06|04|00|02|38|97|d6|b4|e0|01|0a|aa|7f|fe|34|23|87|45|78|21|0a|aa|7b|e6|00|00|00|00|00|00|00|00|00|00|00|00|00|00|00|00|00|00|

+---------+---------------+----------+
00:32:48,452,481   ETHER
|0   |34|23|87|45|78|21|38|97|d6|b4|e0|01|08|06|00|01|08|00|06|04|00|02|38|97|d6|b4|e0|01|0a|aa|7f|fe|34|23|87|45|78|21|0a|aa|7b|e6|00|00|00|00|00|00|00|00|00|00|00|00|00|00|00|00|00|00|

+---------+---------------+----------+
00:32:48,502,050   ETHER
|0   |34|23|87|45|78|21|38|97|d6|b4|e0|01|08|06|00|01|08|00|06|04|00|02|38|97|d6|b4|e0|01|0a|aa|7f|fe|34|23|87|45|78|21|0a|aa|7b|e6|00|00|00|00|00|00|00|00|00|00|00|00|00|00|00|00|00|00|

+---------+---------------+----------+
00:32:48,603,271   ETHER
|0   |34|23|87|45|78|21|38|97|d6|b4|e0|01|08|06|00|01|08|00|06|04|00|02|38|97|d6|b4|e0|01|0a|aa|7f|fe|34|23|87|45|78|21|0a|aa|7b|e6|00|00|00|00|00|00|00|00|00|00|00|00|00|00|00|00|00|00|

+---------+---------------+----------+
00:32:48,720,557   ETHER
|0   |34|23|87|45|78|21|38|97|d6|b4|e0|01|08|06|00|01|08|00|06|04|00|02|38|97|d6|b4|e0|01|0a|aa|7f|fe|34|23|87|45|78|21|0a|aa|7b|e6|00|00|00|00|00|00|00|00|00|00|00|00|00|00|00|00|00|00|

+---------+---------------+----------+
00:32:48,809,514   ETHER
|0   |34|23|87|45|78|21|38|97|d6|b4|e0|01|08|06|00|01|08|00|06|04|00|02|38|97|d6|b4|e0|01|0a|aa|7f|fe|34|23|87|45|78|21|0a|aa|7b|e6|00|00|00|00|00|00|00|00|00|00|00|00|00|00|00|00|00|00|

+---------+---------------+----------+
00:32:48,911,871   ETHER
|0   |34|23|87|45|78|21|38|97|d6|b4|e0|01|08|06|00|01|08|00|06|04|00|02|38|97|d6|b4|e0|01|0a|aa|7f|fe|34|23|87|45|78|21|0a|aa|7b|e6|00|00|00|00|00|00|00|00|00|00|00|00|00|00|00|00|00|00|

+---------+---------------+----------+
00:32:49,014,264   ETHER
|0   |34|23|87|45|78|21|38|97|d6|b4|e0|01|08|06|00|01|08|00|06|04|00|02|38|97|d6|b4|e0|01|0a|aa|7f|fe|34|23|87|45|78|21|0a|aa|7b|e6|00|00|00|00|00|00|00|00|00|00|00|00|00|00|00|00|00|00|

+---------+---------------+----------+
00:32:49,116,660   ETHER
|0   |34|23|87|45|78|21|38|97|d6|b4|e0|01|08|06|00|01|08|00|06|04|00|02|38|97|d6|b4|e0|01|0a|aa|7f|fe|34|23|87|45|78|21|0a|aa|7b|e6|00|00|00|00|00|00|00|00|00|00|00|00|00|00|00|00|00|00|

+---------+---------------+----------+
00:32:49,221,134   ETHER
|0   |34|23|87|45|78|21|38|97|d6|b4|e0|01|08|06|00|01|08|00|06|04|00|02|38|97|d6|b4|e0|01|0a|aa|7f|fe|34|23|87|45|78|21|0a|aa|7b|e6|00|00|00|00|00|00|00|00|00|00|00|00|00|00|00|00|00|00|

+---------+---------------+----------+
00:32:49,321,112   ETHER
|0   |34|23|87|45|78|21|38|97|d6|b4|e0|01|08|06|00|01|08|00|06|04|00|02|38|97|d6|b4|e0|01|0a|aa|7f|fe|34|23|87|45|78|21|0a|aa|7b|e6|00|00|00|00|00|00|00|00|00|00|00|00|00|00|00|00|00|00|

+---------+---------------+----------+
00:32:49,403,976   ETHER
|0   |34|23|87|45|78|21|38|97|d6|b4|e0|01|08|06|00|01|08|00|06|04|00|02|38|97|d6|b4|e0|01|0a|aa|7f|fe|34|23|87|45|78|21|0a|aa|7b|e6|00|00|00|00|00|00|00|00|00|00|00|00|00|00|00|00|00|00|

+---------+---------------+----------+
00:32:49,445,842   ETHER
|0   |34|23|87|45|78|21|38|97|d6|b4|e0|01|08|06|00|01|08|00|06|04|00|02|38|97|d6|b4|e0|01|0a|aa|7f|fe|34|23|87|45|78|21|0a|aa|7b|e6|00|00|00|00|00|00|00|00|00|00|00|00|00|00|00|00|00|00|

+---------+---------------+----------+
00:32:49,488,656   ETHER
|0   |34|23|87|45|78|21|38|97|d6|b4|e0|01|08|06|00|01|08|00|06|04|00|02|38|97|d6|b4|e0|01|0a|aa|7f|fe|34|23|87|45|78|21|0a|aa|7b|e6|00|00|00|00|00|00|00|00|00|00|00|00|00|00|00|00|00|00|

+---------+---------------+----------+
00:32:49,524,820   ETHER
|0   |34|23|87|45|78|21|38|97|d6|b4|e0|01|08|06|00|01|08|00|06|04|00|02|38|97|d6|b4|e0|01|0a|aa|7f|fe|34|23|87|45|78|21|0a|aa|7b|e6|00|00|00|00|00|00|00|00|00|00|00|00|00|00|00|00|00|00|

+---------+---------------+----------+
00:32:49,573,334   ETHER
|0   |34|23|87|45|78|21|38|97|d6|b4|e0|01|08|06|00|01|08|00|06|04|00|02|38|97|d6|b4|e0|01|0a|aa|7f|fe|34|23|87|45|78|21|0a|aa|7b|e6|00|00|00|00|00|00|00|00|00|00|00|00|00|00|00|00|00|00|

+---------+---------------+----------+
00:32:49,627,379   ETHER
|0   |34|23|87|45|78|21|38|97|d6|b4|e0|01|08|06|00|01|08|00|06|04|00|02|38|97|d6|b4|e0|01|0a|aa|7f|fe|34|23|87|45|78|21|0a|aa|7b|e6|00|00|00|00|00|00|00|00|00|00|00|00|00|00|00|00|00|00|

+---------+---------------+----------+
00:32:49,699,748   ETHER
|0   |34|23|87|45|78|21|38|97|d6|b4|e0|01|08|06|00|01|08|00|06|04|00|02|38|97|d6|b4|e0|01|0a|aa|7f|fe|34|23|87|45|78|21|0a|aa|7b|e6|00|00|00|00|00|00|00|00|00|00|00|00|00|00|00|00|00|00|

+---------+---------------+----------+
00:32:49,743,359   ETHER
|0   |34|23|87|45|78|21|38|97|d6|b4|e0|01|08|06|00|01|08|00|06|04|00|02|38|97|d6|b4|e0|01|0a|aa|7f|fe|34|23|87|45|78|21|0a|aa|7b|e6|00|00|00|00|00|00|00|00|00|00|00|00|00|00|00|00|00|00|

+---------+---------------+----------+
00:32:49,784,373   ETHER
|0   |34|23|87|45|78|21|38|97|d6|b4|e0|01|08|06|00|01|08|00|06|04|00|02|38|97|d6|b4|e0|01|0a|aa|7f|fe|34|23|87|45|78|21|0a|aa|7b|e6|00|00|00|00|00|00|00|00|00|00|00|00|00|00|00|00|00|00|

+---------+---------------+----------+
00:32:49,835,301   ETHER
|0   |34|23|87|45|78|21|38|97|d6|b4|e0|01|08|06|00|01|08|00|06|04|00|02|38|97|d6|b4|e0|01|0a|aa|7f|fe|34|23|87|45|78|21|0a|aa|7b|e6|00|00|00|00|00|00|00|00|00|00|00|00|00|00|00|00|00|00|

+---------+---------------+----------+
00:32:49,942,392   ETHER
|0   |34|23|87|45|78|21|38|97|d6|b4|e0|01|08|06|00|01|08|00|06|04|00|02|38|97|d6|b4|e0|01|0a|aa|7f|fe|34|23|87|45|78|21|0a|aa|7b|e6|00|00|00|00|00|00|00|00|00|00|00|00|00|00|00|00|00|00|

+---------+---------------+----------+
00:32:50,037,968   ETHER
|0   |34|23|87|45|78|21|38|97|d6|b4|e0|01|08|06|00|01|08|00|06|04|00|02|38|97|d6|b4|e0|01|0a|aa|7f|fe|34|23|87|45|78|21|0a|aa|7b|e6|00|00|00|00|00|00|00|00|00|00|00|00|00|00|00|00|00|00|

+---------+---------------+----------+
00:32:50,140,716   ETHER
|0   |34|23|87|45|78|21|38|97|d6|b4|e0|01|08|06|00|01|08|00|06|04|00|02|38|97|d6|b4|e0|01|0a|aa|7f|fe|34|23|87|45|78|21|0a|aa|7b|e6|00|00|00|00|00|00|00|00|00|00|00|00|00|00|00|00|00|00|

+---------+---------------+----------+
00:32:50,243,115   ETHER
|0   |34|23|87|45|78|21|38|97|d6|b4|e0|01|08|06|00|01|08|00|06|04|00|02|38|97|d6|b4|e0|01|0a|aa|7f|fe|34|23|87|45|78|21|0a|aa|7b|e6|00|00|00|00|00|00|00|00|00|00|00|00|00|00|00|00|00|00|

+---------+---------------+----------+
00:32:50,345,516   ETHER
|0   |34|23|87|45|78|21|38|97|d6|b4|e0|01|08|06|00|01|08|00|06|04|00|02|38|97|d6|b4|e0|01|0a|aa|7f|fe|34|23|87|45|78|21|0a|aa|7b|e6|00|00|00|00|00|00|00|00|00|00|00|00|00|00|00|00|00|00|

+---------+---------------+----------+
00:32:50,446,483   ETHER
|0   |34|23|87|45|78|21|38|97|d6|b4|e0|01|08|06|00|01|08|00|06|04|00|02|38|97|d6|b4|e0|01|0a|aa|7f|fe|34|23|87|45|78|21|0a|aa|7b|e6|00|00|00|00|00|00|00|00|00|00|00|00|00|00|00|00|00|00|

+---------+---------------+----------+
00:32:50,552,643   ETHER
|0   |34|23|87|45|78|21|38|97|d6|b4|e0|01|08|06|00|01|08|00|06|04|00|02|38|97|d6|b4|e0|01|0a|aa|7f|fe|34|23|87|45|78|21|0a|aa|7b|e6|00|00|00|00|00|00|00|00|00|00|00|00|00|00|00|00|00|00|

+---------+---------------+----------+
00:32:50,652,657   ETHER
|0   |34|23|87|45|78|21|38|97|d6|b4|e0|01|08|06|00|01|08|00|06|04|00|02|38|97|d6|b4|e0|01|0a|aa|7f|fe|34|23|87|45|78|21|0a|aa|7b|e6|00|00|00|00|00|00|00|00|00|00|00|00|00|00|00|00|00|00|

+---------+---------------+----------+
00:32:50,755,299   ETHER
|0   |34|23|87|45|78|21|38|97|d6|b4|e0|01|08|06|00|01|08|00|06|04|00|02|38|97|d6|b4|e0|01|0a|aa|7f|fe|34|23|87|45|78|21|0a|aa|7b|e6|00|00|00|00|00|00|00|00|00|00|00|00|00|00|00|00|00|00|

+---------+---------------+----------+
00:32:50,816,025   ETHER
|0   |34|23|87|45|78|21|38|97|d6|b4|e0|01|08|06|00|01|08|00|06|04|00|02|38|97|d6|b4|e0|01|0a|aa|7f|fe|34|23|87|45|78|21|0a|aa|7b|e6|00|00|00|00|00|00|00|00|00|00|00|00|00|00|00|00|00|00|

+---------+---------------+----------+
00:32:50,858,873   ETHER
|0   |34|23|87|45|78|21|38|97|d6|b4|e0|01|08|06|00|01|08|00|06|04|00|02|38|97|d6|b4|e0|01|0a|aa|7f|fe|34|23|87|45|78|21|0a|aa|7b|e6|00|00|00|00|00|00|00|00|00|00|00|00|00|00|00|00|00|00|

+---------+---------------+----------+
00:32:50,926,958   ETHER
|0   |34|23|87|45|78|21|38|97|d6|b4|e0|01|08|06|00|01|08|00|06|04|00|02|38|97|d6|b4|e0|01|0a|aa|7f|fe|34|23|87|45|78|21|0a|aa|7b|e6|00|00|00|00|00|00|00|00|00|00|00|00|00|00|00|00|00|00|

+---------+---------------+----------+
00:32:51,016,965   ETHER
|0   |34|23|87|45|78|21|38|97|d6|b4|e0|01|08|06|00|01|08|00|06|04|00|02|38|97|d6|b4|e0|01|0a|aa|7f|fe|34|23|87|45|78|21|0a|aa|7b|e6|00|00|00|00|00|00|00|00|00|00|00|00|00|00|00|00|00|00|

+---------+---------------+----------+
00:32:51,060,367   ETHER
|0   |34|23|87|45|78|21|38|97|d6|b4|e0|01|08|06|00|01|08|00|06|04|00|02|38|97|d6|b4|e0|01|0a|aa|7f|fe|34|23|87|45|78|21|0a|aa|7b|e6|00|00|00|00|00|00|00|00|00|00|00|00|00|00|00|00|00|00|

+---------+---------------+----------+
00:32:51,118,177   ETHER
|0   |34|23|87|45|78|21|38|97|d6|b4|e0|01|08|06|00|01|08|00|06|04|00|02|38|97|d6|b4|e0|01|0a|aa|7f|fe|34|23|87|45|78|21|0a|aa|7b|e6|00|00|00|00|00|00|00|00|00|00|00|00|00|00|00|00|00|00|

+---------+---------------+----------+
00:32:51,164,666   ETHER
|0   |34|23|87|45|78|21|38|97|d6|b4|e0|01|08|06|00|01|08|00|06|04|00|02|38|97|d6|b4|e0|01|0a|aa|7f|fe|34|23|87|45|78|21|0a|aa|7b|e6|00|00|00|00|00|00|00|00|00|00|00|00|00|00|00|00|00|00|

+---------+---------------+----------+
00:32:51,267,114   ETHER
|0   |34|23|87|45|78|21|38|97|d6|b4|e0|01|08|06|00|01|08|00|06|04|00|02|38|97|d6|b4|e0|01|0a|aa|7f|fe|34|23|87|45|78|21|0a|aa|7b|e6|00|00|00|00|00|00|00|00|00|00|00|00|00|00|00|00|00|00|

+---------+---------------+----------+
00:32:51,310,925   ETHER
|0   |34|23|87|45|78|21|38|97|d6|b4|e0|01|08|06|00|01|08|00|06|04|00|02|38|97|d6|b4|e0|01|0a|aa|7f|fe|34|23|87|45|78|21|0a|aa|7b|e6|00|00|00|00|00|00|00|00|00|00|00|00|00|00|00|00|00|00|

+---------+---------------+----------+
00:32:51,369,418   ETHER
|0   |34|23|87|45|78|21|38|97|d6|b4|e0|01|08|06|00|01|08|00|06|04|00|02|38|97|d6|b4|e0|01|0a|aa|7f|fe|34|23|87|45|78|21|0a|aa|7b|e6|00|00|00|00|00|00|00|00|00|00|00|00|00|00|00|00|00|00|

+---------+---------------+----------+
00:32:51,471,917   ETHER
|0   |34|23|87|45|78|21|38|97|d6|b4|e0|01|08|06|00|01|08|00|06|04|00|02|38|97|d6|b4|e0|01|0a|aa|7f|fe|34|23|87|45|78|21|0a|aa|7b|e6|00|00|00|00|00|00|00|00|00|00|00|00|00|00|00|00|00|00|

+---------+---------------+----------+
00:32:51,574,322   ETHER
|0   |34|23|87|45|78|21|38|97|d6|b4|e0|01|08|06|00|01|08|00|06|04|00|02|38|97|d6|b4|e0|01|0a|aa|7f|fe|34|23|87|45|78|21|0a|aa|7b|e6|00|00|00|00|00|00|00|00|00|00|00|00|00|00|00|00|00|00|

+---------+---------------+----------+
00:32:51,645,481   ETHER
|0   |34|23|87|45|78|21|38|97|d6|b4|e0|01|08|06|00|01|08|00|06|04|00|02|38|97|d6|b4|e0|01|0a|aa|7f|fe|34|23|87|45|78|21|0a|aa|7b|e6|00|00|00|00|00|00|00|00|00|00|00|00|00|00|00|00|00|00|

+---------+---------------+----------+
00:32:51,676,708   ETHER
|0   |34|23|87|45|78|21|38|97|d6|b4|e0|01|08|06|00|01|08|00|06|04|00|02|38|97|d6|b4|e0|01|0a|aa|7f|fe|34|23|87|45|78|21|0a|aa|7b|e6|00|00|00|00|00|00|00|00|00|00|00|00|00|00|00|00|00|00|

+---------+---------------+----------+
00:32:51,777,247   ETHER
|0   |34|23|87|45|78|21|38|97|d6|b4|e0|01|08|06|00|01|08|00|06|04|00|02|38|97|d6|b4|e0|01|0a|aa|7f|fe|34|23|87|45|78|21|0a|aa|7b|e6|00|00|00|00|00|00|00|00|00|00|00|00|00|00|00|00|00|00|

+---------+---------------+----------+
00:32:51,880,045   ETHER
|0   |34|23|87|45|78|21|38|97|d6|b4|e0|01|08|06|00|01|08|00|06|04|00|02|38|97|d6|b4|e0|01|0a|aa|7f|fe|34|23|87|45|78|21|0a|aa|7b|e6|00|00|00|00|00|00|00|00|00|00|00|00|00|00|00|00|00|00|

+---------+---------------+----------+
00:32:51,983,920   ETHER
|0   |34|23|87|45|78|21|38|97|d6|b4|e0|01|08|06|00|01|08|00|06|04|00|02|38|97|d6|b4|e0|01|0a|aa|7f|fe|34|23|87|45|78|21|0a|aa|7b|e6|00|00|00|00|00|00|00|00|00|00|00|00|00|00|00|00|00|00|

+---------+---------------+----------+
00:32:52,084,435   ETHER
|0   |34|23|87|45|78|21|38|97|d6|b4|e0|01|08|06|00|01|08|00|06|04|00|02|38|97|d6|b4|e0|01|0a|aa|7f|fe|34|23|87|45|78|21|0a|aa|7b|e6|00|00|00|00|00|00|00|00|00|00|00|00|00|00|00|00|00|00|

+---------+---------------+----------+
00:32:52,188,715   ETHER
|0   |34|23|87|45|78|21|38|97|d6|b4|e0|01|08|06|00|01|08|00|06|04|00|02|38|97|d6|b4|e0|01|0a|aa|7f|fe|34|23|87|45|78|21|0a|aa|7b|e6|00|00|00|00|00|00|00|00|00|00|00|00|00|00|00|00|00|00|

