+---------+---------------+----------+
00:29:23,338,525   ETHER
|0   |34|23|87|45|78|21|38|97|d6|b4|e0|01|08|06|00|01|08|00|06|04|00|02|38|97|d6|b4|e0|01|0a|aa|7f|fe|34|23|87|45|78|21|0a|aa|7b|e6|00|00|00|00|00|00|00|00|00|00|00|00|00|00|00|00|00|00|

+---------+---------------+----------+
00:29:23,385,088   ETHER
|0   |34|23|87|45|78|21|38|97|d6|b4|e0|01|08|06|00|01|08|00|06|04|00|02|38|97|d6|b4|e0|01|0a|aa|7f|fe|34|23|87|45|78|21|0a|aa|7b|e6|00|00|00|00|00|00|00|00|00|00|00|00|00|00|00|00|00|00|

+---------+---------------+----------+
00:29:23,413,122   ETHER
|0   |34|23|87|45|78|21|38|97|d6|b4|e0|01|08|06|00|01|08|00|06|04|00|02|38|97|d6|b4|e0|01|0a|aa|7f|fe|34|23|87|45|78|21|0a|aa|7b|e6|00|00|00|00|00|00|00|00|00|00|00|00|00|00|00|00|00|00|

+---------+---------------+----------+
00:29:23,442,002   ETHER
|0   |34|23|87|45|78|21|38|97|d6|b4|e0|01|08|06|00|01|08|00|06|04|00|02|38|97|d6|b4|e0|01|0a|aa|7f|fe|34|23|87|45|78|21|0a|aa|7b|e6|00|00|00|00|00|00|00|00|00|00|00|00|00|00|00|00|00|00|

+---------+---------------+----------+
00:29:23,543,385   ETHER
|0   |34|23|87|45|78|21|38|97|d6|b4|e0|01|08|06|00|01|08|00|06|04|00|02|38|97|d6|b4|e0|01|0a|aa|7f|fe|34|23|87|45|78|21|0a|aa|7b|e6|00|00|00|00|00|00|00|00|00|00|00|00|00|00|00|00|00|00|

+---------+---------------+----------+
00:29:23,645,785   ETHER
|0   |34|23|87|45|78|21|38|97|d6|b4|e0|01|08|06|00|01|08|00|06|04|00|02|38|97|d6|b4|e0|01|0a|aa|7f|fe|34|23|87|45|78|21|0a|aa|7b|e6|00|00|00|00|00|00|00|00|00|00|00|00|00|00|00|00|00|00|

+---------+---------------+----------+
00:29:23,749,846   ETHER
|0   |34|23|87|45|78|21|38|97|d6|b4|e0|01|08|06|00|01|08|00|06|04|00|02|38|97|d6|b4|e0|01|0a|aa|7f|fe|34|23|87|45|78|21|0a|aa|7b|e6|00|00|00|00|00|00|00|00|00|00|00|00|00|00|00|00|00|00|

+---------+---------------+----------+
00:29:23,851,501   ETHER
|0   |34|23|87|45|78|21|38|97|d6|b4|e0|01|08|06|00|01|08|00|06|04|00|02|38|97|d6|b4|e0|01|0a|aa|7f|fe|34|23|87|45|78|21|0a|aa|7b|e6|00|00|00|00|00|00|00|00|00|00|00|00|00|00|00|00|00|00|

+---------+---------------+----------+
00:29:23,955,291   ETHER
|0   |34|23|87|45|78|21|38|97|d6|b4|e0|01|08|06|00|01|08|00|06|04|00|02|38|97|d6|b4|e0|01|0a|aa|7f|fe|34|23|87|45|78|21|0a|aa|7b|e6|00|00|00|00|00|00|00|00|00|00|00|00|00|00|00|00|00|00|

+---------+---------------+----------+
00:29:24,014,925   ETHER
|0   |34|23|87|45|78|21|38|97|d6|b4|e0|01|08|06|00|01|08|00|06|04|00|02|38|97|d6|b4|e0|01|0a|aa|7f|fe|34|23|87|45|78|21|0a|aa|7b|e6|00|00|00|00|00|00|00|00|00|00|00|00|00|00|00|00|00|00|

+---------+---------------+----------+
00:29:24,157,929   ETHER
|0   |34|23|87|45|78|21|38|97|d6|b4|e0|01|08|06|00|01|08|00|06|04|00|02|38|97|d6|b4|e0|01|0a|aa|7f|fe|34|23|87|45|78|21|0a|aa|7b|e6|00|00|00|00|00|00|00|00|00|00|00|00|00|00|00|00|00|00|

+---------+---------------+----------+
00:29:24,226,818   ETHER
|0   |34|23|87|45|78|21|38|97|d6|b4|e0|01|08|06|00|01|08|00|06|04|00|02|38|97|d6|b4|e0|01|0a|aa|7f|fe|34|23|87|45|78|21|0a|aa|7b|e6|00|00|00|00|00|00|00|00|00|00|00|00|00|00|00|00|00|00|

+---------+---------------+----------+
00:29:24,362,518   ETHER
|0   |34|23|87|45|78|21|38|97|d6|b4|e0|01|08|06|00|01|08|00|06|04|00|02|38|97|d6|b4|e0|01|0a|aa|7f|fe|34|23|87|45|78|21|0a|aa|7b|e6|00|00|00|00|00|00|00|00|00|00|00|00|00|00|00|00|00|00|

+---------+---------------+----------+
00:29:24,419,993   ETHER
|0   |34|23|87|45|78|21|38|97|d6|b4|e0|01|08|06|00|01|08|00|06|04|00|02|38|97|d6|b4|e0|01|0a|aa|7f|fe|34|23|87|45|78|21|0a|aa|7b|e6|00|00|00|00|00|00|00|00|00|00|00|00|00|00|00|00|00|00|

+---------+---------------+----------+
00:29:24,466,863   ETHER
|0   |34|23|87|45|78|21|38|97|d6|b4|e0|01|08|06|00|01|08|00|06|04|00|02|38|97|d6|b4|e0|01|0a|aa|7f|fe|34|23|87|45|78|21|0a|aa|7b|e6|00|00|00|00|00|00|00|00|00|00|00|00|00|00|00|00|00|00|

+---------+---------------+----------+
00:29:24,567,347   ETHER
|0   |34|23|87|45|78|21|38|97|d6|b4|e0|01|08|06|00|01|08|00|06|04|00|02|38|97|d6|b4|e0|01|0a|aa|7f|fe|34|23|87|45|78|21|0a|aa|7b|e6|00|00|00|00|00|00|00|00|00|00|00|00|00|00|00|00|00|00|

+---------+---------------+----------+
00:29:24,669,697   ETHER
|0   |34|23|87|45|78|21|38|97|d6|b4|e0|01|08|06|00|01|08|00|06|04|00|02|38|97|d6|b4|e0|01|0a|aa|7f|fe|34|23|87|45|78|21|0a|aa|7b|e6|00|00|00|00|00|00|00|00|00|00|00|00|00|00|00|00|00|00|

+---------+---------------+----------+
00:29:24,772,146   ETHER
|0   |34|23|87|45|78|21|38|97|d6|b4|e0|01|08|06|00|01|08|00|06|04|00|02|38|97|d6|b4|e0|01|0a|aa|7f|fe|34|23|87|45|78|21|0a|aa|7b|e6|00|00|00|00|00|00|00|00|00|00|00|00|00|00|00|00|00|00|

+---------+---------------+----------+
00:29:24,874,552   ETHER
|0   |34|23|87|45|78|21|38|97|d6|b4|e0|01|08|06|00|01|08|00|06|04|00|02|38|97|d6|b4|e0|01|0a|aa|7f|fe|34|23|87|45|78|21|0a|aa|7b|e6|00|00|00|00|00|00|00|00|00|00|00|00|00|00|00|00|00|00|

+---------+---------------+----------+
00:29:24,977,017   ETHER
|0   |34|23|87|45|78|21|38|97|d6|b4|e0|01|08|06|00|01|08|00|06|04|00|02|38|97|d6|b4|e0|01|0a|aa|7f|fe|34|23|87|45|78|21|0a|aa|7b|e6|00|00|00|00|00|00|00|00|00|00|00|00|00|00|00|00|00|00|

+---------+---------------+----------+
00:29:25,083,438   ETHER
|0   |34|23|87|45|78|21|38|97|d6|b4|e0|01|08|06|00|01|08|00|06|04|00|02|38|97|d6|b4|e0|01|0a|aa|7f|fe|34|23|87|45|78|21|0a|aa|7b|e6|00|00|00|00|00|00|00|00|00|00|00|00|00|00|00|00|00|00|

+---------+---------------+----------+
00:29:25,181,723   ETHER
|0   |34|23|87|45|78|21|38|97|d6|b4|e0|01|08|06|00|01|08|00|06|04|00|02|38|97|d6|b4|e0|01|0a|aa|7f|fe|34|23|87|45|78|21|0a|aa|7b|e6|00|00|00|00|00|00|00|00|00|00|00|00|00|00|00|00|00|00|

+---------+---------------+----------+
00:29:25,284,998   ETHER
|0   |34|23|87|45|78|21|38|97|d6|b4|e0|01|08|06|00|01|08|00|06|04|00|02|38|97|d6|b4|e0|01|0a|aa|7f|fe|34|23|87|45|78|21|0a|aa|7b|e6|00|00|00|00|00|00|00|00|00|00|00|00|00|00|00|00|00|00|

+---------+---------------+----------+
00:29:25,387,052   ETHER
|0   |34|23|87|45|78|21|38|97|d6|b4|e0|01|08|06|00|01|08|00|06|04|00|02|38|97|d6|b4|e0|01|0a|aa|7f|fe|34|23|87|45|78|21|0a|aa|7b|e6|00|00|00|00|00|00|00|00|00|00|00|00|00|00|00|00|00|00|

+---------+---------------+----------+
00:29:25,430,914   ETHER
|0   |34|23|87|45|78|21|38|97|d6|b4|e0|01|08|06|00|01|08|00|06|04|00|02|38|97|d6|b4|e0|01|0a|aa|7f|fe|34|23|87|45|78|21|0a|aa|7b|e6|00|00|00|00|00|00|00|00|00|00|00|00|00|00|00|00|00|00|

+---------+---------------+----------+
00:29:25,485,004   ETHER
|0   |34|23|87|45|78|21|38|97|d6|b4|e0|01|08|06|00|01|08|00|06|04|00|02|38|97|d6|b4|e0|01|0a|aa|7f|fe|34|23|87|45|78|21|0a|aa|7b|e6|00|00|00|00|00|00|00|00|00|00|00|00|00|00|00|00|00|00|

+---------+---------------+----------+
00:29:25,534,535   ETHER
|0   |34|23|87|45|78|21|38|97|d6|b4|e0|01|08|06|00|01|08|00|06|04|00|02|38|97|d6|b4|e0|01|0a|aa|7f|fe|34|23|87|45|78|21|0a|aa|7b|e6|00|00|00|00|00|00|00|00|00|00|00|00|00|00|00|00|00|00|

+---------+---------------+----------+
00:29:25,580,388   ETHER
|0   |34|23|87|45|78|21|38|97|d6|b4|e0|01|08|06|00|01|08|00|06|04|00|02|38|97|d6|b4|e0|01|0a|aa|7f|fe|34|23|87|45|78|21|0a|aa|7b|e6|00|00|00|00|00|00|00|00|00|00|00|00|00|00|00|00|00|00|

+---------+---------------+----------+
00:29:25,695,983   ETHER
|0   |34|23|87|45|78|21|38|97|d6|b4|e0|01|08|06|00|01|08|00|06|04|00|02|38|97|d6|b4|e0|01|0a|aa|7f|fe|34|23|87|45|78|21|0a|aa|7b|e6|00|00|00|00|00|00|00|00|00|00|00|00|00|00|00|00|00|00|

+---------+---------------+----------+
00:29:25,796,156   ETHER
|0   |34|23|87|45|78|21|38|97|d6|b4|e0|01|08|06|00|01|08|00|06|04|00|02|38|97|d6|b4|e0|01|0a|aa|7f|fe|34|23|87|45|78|21|0a|aa|7b|e6|00|00|00|00|00|00|00|00|00|00|00|00|00|00|00|00|00|00|

+---------+---------------+----------+
00:29:25,897,750   ETHER
|0   |34|23|87|45|78|21|38|97|d6|b4|e0|01|08|06|00|01|08|00|06|04|00|02|38|97|d6|b4|e0|01|0a|aa|7f|fe|34|23|87|45|78|21|0a|aa|7b|e6|00|00|00|00|00|00|00|00|00|00|00|00|00|00|00|00|00|00|

+---------+---------------+----------+
00:29:54,878,044   ETHER
|0   |34|23|87|45|78|21|38|97|d6|b4|e0|01|08|06|00|01|08|00|06|04|00|02|38|97|d6|b4|e0|01|0a|aa|7f|fe|34|23|87|45|78|21|0a|aa|7b|e6|00|00|00|00|00|00|00|00|00|00|00|00|00|00|00|00|00|00|

+---------+---------------+----------+
00:29:54,965,898   ETHER
|0   |34|23|87|45|78|21|38|97|d6|b4|e0|01|08|06|00|01|08|00|06|04|00|02|38|97|d6|b4|e0|01|0a|aa|7f|fe|34|23|87|45|78|21|0a|aa|7b|e6|00|00|00|00|00|00|00|00|00|00|00|00|00|00|00|00|00|00|

+---------+---------------+----------+
00:29:54,980,499   ETHER
|0   |34|23|87|45|78|21|38|97|d6|b4|e0|01|08|06|00|01|08|00|06|04|00|02|38|97|d6|b4|e0|01|0a|aa|7f|fe|34|23|87|45|78|21|0a|aa|7b|e6|00|00|00|00|00|00|00|00|00|00|00|00|00|00|00|00|00|00|

+---------+---------------+----------+
00:29:55,082,878   ETHER
|0   |34|23|87|45|78|21|38|97|d6|b4|e0|01|08|06|00|01|08|00|06|04|00|02|38|97|d6|b4|e0|01|0a|aa|7f|fe|34|23|87|45|78|21|0a|aa|7b|e6|00|00|00|00|00|00|00|00|00|00|00|00|00|00|00|00|00|00|

+---------+---------------+----------+
00:29:55,154,479   ETHER
|0   |34|23|87|45|78|21|38|97|d6|b4|e0|01|08|06|00|01|08|00|06|04|00|02|38|97|d6|b4|e0|01|0a|aa|7f|fe|34|23|87|45|78|21|0a|aa|7b|e6|00|00|00|00|00|00|00|00|00|00|00|00|00|00|00|00|00|00|

+---------+---------------+----------+
00:29:55,185,222   ETHER
|0   |34|23|87|45|78|21|38|97|d6|b4|e0|01|08|06|00|01|08|00|06|04|00|02|38|97|d6|b4|e0|01|0a|aa|7f|fe|34|23|87|45|78|21|0a|aa|7b|e6|00|00|00|00|00|00|00|00|00|00|00|00|00|00|00|00|00|00|

+---------+---------------+----------+
00:29:55,210,346   ETHER
|0   |34|23|87|45|78|21|38|97|d6|b4|e0|01|08|06|00|01|08|00|06|04|00|02|38|97|d6|b4|e0|01|0a|aa|7f|fe|34|23|87|45|78|21|0a|aa|7b|e6|00|00|00|00|00|00|00|00|00|00|00|00|00|00|00|00|00|00|

+---------+---------------+----------+
00:29:55,241,840   ETHER
|0   |34|23|87|45|78|21|38|97|d6|b4|e0|01|08|06|00|01|08|00|06|04|00|02|38|97|d6|b4|e0|01|0a|aa|7f|fe|34|23|87|45|78|21|0a|aa|7b|e6|00|00|00|00|00|00|00|00|00|00|00|00|00|00|00|00|00|00|

+---------+---------------+----------+
00:29:55,265,157   ETHER
|0   |34|23|87|45|78|21|38|97|d6|b4|e0|01|08|06|00|01|08|00|06|04|00|02|38|97|d6|b4|e0|01|0a|aa|7f|fe|34|23|87|45|78|21|0a|aa|7b|e6|00|00|00|00|00|00|00|00|00|00|00|00|00|00|00|00|00|00|

+---------+---------------+----------+
00:29:55,287,605   ETHER
|0   |34|23|87|45|78|21|38|97|d6|b4|e0|01|08|06|00|01|08|00|06|04|00|02|38|97|d6|b4|e0|01|0a|aa|7f|fe|34|23|87|45|78|21|0a|aa|7b|e6|00|00|00|00|00|00|00|00|00|00|00|00|00|00|00|00|00|00|

+---------+---------------+----------+
00:29:55,321,159   ETHER
|0   |34|23|87|45|78|21|38|97|d6|b4|e0|01|08|06|00|01|08|00|06|04|00|02|38|97|d6|b4|e0|01|0a|aa|7f|fe|34|23|87|45|78|21|0a|aa|7b|e6|00|00|00|00|00|00|00|00|00|00|00|00|00|00|00|00|00|00|

+---------+---------------+----------+
00:29:55,354,312   ETHER
|0   |34|23|87|45|78|21|38|97|d6|b4|e0|01|08|06|00|01|08|00|06|04|00|02|38|97|d6|b4|e0|01|0a|aa|7f|fe|34|23|87|45|78|21|0a|aa|7b|e6|00|00|00|00|00|00|00|00|00|00|00|00|00|00|00|00|00|00|

+---------+---------------+----------+
00:29:55,386,531   ETHER
|0   |34|23|87|45|78|21|38|97|d6|b4|e0|01|08|06|00|01|08|00|06|04|00|02|38|97|d6|b4|e0|01|0a|aa|7f|fe|34|23|87|45|78|21|0a|aa|7b|e6|00|00|00|00|00|00|00|00|00|00|00|00|00|00|00|00|00|00|

+---------+---------------+----------+
00:29:55,421,213   ETHER
|0   |34|23|87|45|78|21|38|97|d6|b4|e0|01|08|06|00|01|08|00|06|04|00|02|38|97|d6|b4|e0|01|0a|aa|7f|fe|34|23|87|45|78|21|0a|aa|7b|e6|00|00|00|00|00|00|00|00|00|00|00|00|00|00|00|00|00|00|

+---------+---------------+----------+
00:29:55,450,853   ETHER
|0   |34|23|87|45|78|21|38|97|d6|b4|e0|01|08|06|00|01|08|00|06|04|00|02|38|97|d6|b4|e0|01|0a|aa|7f|fe|34|23|87|45|78|21|0a|aa|7b|e6|00|00|00|00|00|00|00|00|00|00|00|00|00|00|00|00|00|00|

+---------+---------------+----------+
00:29:55,485,149   ETHER
|0   |34|23|87|45|78|21|38|97|d6|b4|e0|01|08|06|00|01|08|00|06|04|00|02|38|97|d6|b4|e0|01|0a|aa|7f|fe|34|23|87|45|78|21|0a|aa|7b|e6|00|00|00|00|00|00|00|00|00|00|00|00|00|00|00|00|00|00|

+---------+---------------+----------+
00:29:55,517,200   ETHER
|0   |34|23|87|45|78|21|38|97|d6|b4|e0|01|08|06|00|01|08|00|06|04|00|02|38|97|d6|b4|e0|01|0a|aa|7f|fe|34|23|87|45|78|21|0a|aa|7b|e6|00|00|00|00|00|00|00|00|00|00|00|00|00|00|00|00|00|00|

+---------+---------------+----------+
00:29:55,558,241   ETHER
|0   |34|23|87|45|78|21|38|97|d6|b4|e0|01|08|06|00|01|08|00|06|04|00|02|38|97|d6|b4|e0|01|0a|aa|7f|fe|34|23|87|45|78|21|0a|aa|7b|e6|00|00|00|00|00|00|00|00|00|00|00|00|00|00|00|00|00|00|

+---------+---------------+----------+
00:29:55,585,987   ETHER
|0   |34|23|87|45|78|21|38|97|d6|b4|e0|01|08|06|00|01|08|00|06|04|00|02|38|97|d6|b4|e0|01|0a|aa|7f|fe|34|23|87|45|78|21|0a|aa|7b|e6|00|00|00|00|00|00|00|00|00|00|00|00|00|00|00|00|00|00|

+---------+---------------+----------+
00:29:55,594,827   ETHER
|0   |34|23|87|45|78|21|38|97|d6|b4|e0|01|08|06|00|01|08|00|06|04|00|02|38|97|d6|b4|e0|01|0a|aa|7f|fe|34|23|87|45|78|21|0a|aa|7b|e6|00|00|00|00|00|00|00|00|00|00|00|00|00|00|00|00|00|00|

+---------+---------------+----------+
00:29:55,697,909   ETHER
|0   |34|23|87|45|78|21|38|97|d6|b4|e0|01|08|06|00|01|08|00|06|04|00|02|38|97|d6|b4|e0|01|0a|aa|7f|fe|34|23|87|45|78|21|0a|aa|7b|e6|00|00|00|00|00|00|00|00|00|00|00|00|00|00|00|00|00|00|

+---------+---------------+----------+
00:29:55,799,658   ETHER
|0   |34|23|87|45|78|21|38|97|d6|b4|e0|01|08|06|00|01|08|00|06|04|00|02|38|97|d6|b4|e0|01|0a|aa|7f|fe|34|23|87|45|78|21|0a|aa|7b|e6|00|00|00|00|00|00|00|00|00|00|00|00|00|00|00|00|00|00|

+---------+---------------+----------+
00:29:55,902,069   ETHER
|0   |34|23|87|45|78|21|38|97|d6|b4|e0|01|08|06|00|01|08|00|06|04|00|02|38|97|d6|b4|e0|01|0a|aa|7f|fe|34|23|87|45|78|21|0a|aa|7b|e6|00|00|00|00|00|00|00|00|00|00|00|00|00|00|00|00|00|00|

+---------+---------------+----------+
00:29:56,005,221   ETHER
|0   |34|23|87|45|78|21|38|97|d6|b4|e0|01|08|06|00|01|08|00|06|04|00|02|38|97|d6|b4|e0|01|0a|aa|7f|fe|34|23|87|45|78|21|0a|aa|7b|e6|00|00|00|00|00|00|00|00|00|00|00|00|00|00|00|00|00|00|

+---------+---------------+----------+
00:29:56,106,869   ETHER
|0   |34|23|87|45|78|21|38|97|d6|b4|e0|01|08|06|00|01|08|00|06|04|00|02|38|97|d6|b4|e0|01|0a|aa|7f|fe|34|23|87|45|78|21|0a|aa|7b|e6|00|00|00|00|00|00|00|00|00|00|00|00|00|00|00|00|00|00|

+---------+---------------+----------+
00:29:56,209,315   ETHER
|0   |34|23|87|45|78|21|38|97|d6|b4|e0|01|08|06|00|01|08|00|06|04|00|02|38|97|d6|b4|e0|01|0a|aa|7f|fe|34|23|87|45|78|21|0a|aa|7b|e6|00|00|00|00|00|00|00|00|00|00|00|00|00|00|00|00|00|00|

+---------+---------------+----------+
00:29:56,312,410   ETHER
|0   |34|23|87|45|78|21|38|97|d6|b4|e0|01|08|06|00|01|08|00|06|04|00|02|38|97|d6|b4|e0|01|0a|aa|7f|fe|34|23|87|45|78|21|0a|aa|7b|e6|00|00|00|00|00|00|00|00|00|00|00|00|00|00|00|00|00|00|

+---------+---------------+----------+
00:29:56,414,071   ETHER
|0   |34|23|87|45|78|21|38|97|d6|b4|e0|01|08|06|00|01|08|00|06|04|00|02|38|97|d6|b4|e0|01|0a|aa|7f|fe|34|23|87|45|78|21|0a|aa|7b|e6|00|00|00|00|00|00|00|00|00|00|00|00|00|00|00|00|00|00|

+---------+---------------+----------+
00:29:56,516,646   ETHER
|0   |34|23|87|45|78|21|38|97|d6|b4|e0|01|08|06|00|01|08|00|06|04|00|02|38|97|d6|b4|e0|01|0a|aa|7f|fe|34|23|87|45|78|21|0a|aa|7b|e6|00|00|00|00|00|00|00|00|00|00|00|00|00|00|00|00|00|00|

+---------+---------------+----------+
00:29:56,618,916   ETHER
|0   |34|23|87|45|78|21|38|97|d6|b4|e0|01|08|06|00|01|08|00|06|04|00|02|38|97|d6|b4|e0|01|0a|aa|7f|fe|34|23|87|45|78|21|0a|aa|7b|e6|00|00|00|00|00|00|00|00|00|00|00|00|00|00|00|00|00|00|

+---------+---------------+----------+
00:29:56,721,264   ETHER
|0   |34|23|87|45|78|21|38|97|d6|b4|e0|01|08|06|00|01|08|00|06|04|00|02|38|97|d6|b4|e0|01|0a|aa|7f|fe|34|23|87|45|78|21|0a|aa|7b|e6|00|00|00|00|00|00|00|00|00|00|00|00|00|00|00|00|00|00|

+---------+---------------+----------+
00:29:56,825,635   ETHER
|0   |34|23|87|45|78|21|38|97|d6|b4|e0|01|08|06|00|01|08|00|06|04|00|02|38|97|d6|b4|e0|01|0a|aa|7f|fe|34|23|87|45|78|21|0a|aa|7b|e6|00|00|00|00|00|00|00|00|00|00|00|00|00|00|00|00|00|00|

+---------+---------------+----------+
00:29:56,926,077   ETHER
|0   |34|23|87|45|78|21|38|97|d6|b4|e0|01|08|06|00|01|08|00|06|04|00|02|38|97|d6|b4|e0|01|0a|aa|7f|fe|34|23|87|45|78|21|0a|aa|7b|e6|00|00|00|00|00|00|00|00|00|00|00|00|00|00|00|00|00|00|

+---------+---------------+----------+
00:29:57,028,530   ETHER
|0   |34|23|87|45|78|21|38|97|d6|b4|e0|01|08|06|00|01|08|00|06|04|00|02|38|97|d6|b4|e0|01|0a|aa|7f|fe|34|23|87|45|78|21|0a|aa|7b|e6|00|00|00|00|00|00|00|00|00|00|00|00|00|00|00|00|00|00|

+---------+---------------+----------+
00:29:57,130,873   ETHER
|0   |34|23|87|45|78|21|38|97|d6|b4|e0|01|08|06|00|01|08|00|06|04|00|02|38|97|d6|b4|e0|01|0a|aa|7f|fe|34|23|87|45|78|21|0a|aa|7b|e6|00|00|00|00|00|00|00|00|00|00|00|00|00|00|00|00|00|00|

+---------+---------------+----------+
00:29:57,233,887   ETHER
|0   |34|23|87|45|78|21|38|97|d6|b4|e0|01|08|06|00|01|08|00|06|04|00|02|38|97|d6|b4|e0|01|0a|aa|7f|fe|34|23|87|45|78|21|0a|aa|7b|e6|00|00|00|00|00|00|00|00|00|00|00|00|00|00|00|00|00|00|

+---------+---------------+----------+
00:29:57,335,629   ETHER
|0   |34|23|87|45|78|21|38|97|d6|b4|e0|01|08|06|00|01|08|00|06|04|00|02|38|97|d6|b4|e0|01|0a|aa|7f|fe|34|23|87|45|78|21|0a|aa|7b|e6|00|00|00|00|00|00|00|00|00|00|00|00|00|00|00|00|00|00|

+---------+---------------+----------+
00:29:57,438,159   ETHER
|0   |34|23|87|45|78|21|38|97|d6|b4|e0|01|08|06|00|01|08|00|06|04|00|02|38|97|d6|b4|e0|01|0a|aa|7f|fe|34|23|87|45|78|21|0a|aa|7b|e6|00|00|00|00|00|00|00|00|00|00|00|00|00|00|00|00|00|00|

+---------+---------------+----------+
00:29:57,540,519   ETHER
|0   |34|23|87|45|78|21|38|97|d6|b4|e0|01|08|06|00|01|08|00|06|04|00|02|38|97|d6|b4|e0|01|0a|aa|7f|fe|34|23|87|45|78|21|0a|aa|7b|e6|00|00|00|00|00|00|00|00|00|00|00|00|00|00|00|00|00|00|

+---------+---------------+----------+
00:29:57,643,190   ETHER
|0   |34|23|87|45|78|21|38|97|d6|b4|e0|01|08|06|00|01|08|00|06|04|00|02|38|97|d6|b4|e0|01|0a|aa|7f|fe|34|23|87|45|78|21|0a|aa|7b|e6|00|00|00|00|00|00|00|00|00|00|00|00|00|00|00|00|00|00|

+---------+---------------+----------+
00:29:57,745,285   ETHER
|0   |34|23|87|45|78|21|38|97|d6|b4|e0|01|08|06|00|01|08|00|06|04|00|02|38|97|d6|b4|e0|01|0a|aa|7f|fe|34|23|87|45|78|21|0a|aa|7b|e6|00|00|00|00|00|00|00|00|00|00|00|00|00|00|00|00|00|00|

+---------+---------------+----------+
00:29:57,845,921   ETHER
|0   |34|23|87|45|78|21|38|97|d6|b4|e0|01|08|06|00|01|08|00|06|04|00|02|38|97|d6|b4|e0|01|0a|aa|7f|fe|34|23|87|45|78|21|0a|aa|7b|e6|00|00|00|00|00|00|00|00|00|00|00|00|00|00|00|00|00|00|

+---------+---------------+----------+
00:29:57,920,629   ETHER
|0   |34|23|87|45|78|21|38|97|d6|b4|e0|01|08|06|00|01|08|00|06|04|00|02|38|97|d6|b4|e0|01|0a|aa|7f|fe|34|23|87|45|78|21|0a|aa|7b|e6|00|00|00|00|00|00|00|00|00|00|00|00|00|00|00|00|00|00|

+---------+---------------+----------+
00:29:57,963,211   ETHER
|0   |34|23|87|45|78|21|38|97|d6|b4|e0|01|08|06|00|01|08|00|06|04|00|02|38|97|d6|b4|e0|01|0a|aa|7f|fe|34|23|87|45|78|21|0a|aa|7b|e6|00|00|00|00|00|00|00|00|00|00|00|00|00|00|00|00|00|00|

+---------+---------------+----------+
00:29:58,052,532   ETHER
|0   |34|23|87|45|78|21|38|97|d6|b4|e0|01|08|06|00|01|08|00|06|04|00|02|38|97|d6|b4|e0|01|0a|aa|7f|fe|34|23|87|45|78|21|0a|aa|7b|e6|00|00|00|00|00|00|00|00|00|00|00|00|00|00|00|00|00|00|

+---------+---------------+----------+
00:29:58,155,466   ETHER
|0   |34|23|87|45|78|21|38|97|d6|b4|e0|01|08|06|00|01|08|00|06|04|00|02|38|97|d6|b4|e0|01|0a|aa|7f|fe|34|23|87|45|78|21|0a|aa|7b|e6|00|00|00|00|00|00|00|00|00|00|00|00|00|00|00|00|00|00|

+---------+---------------+----------+
00:29:58,203,494   ETHER
|0   |34|23|87|45|78|21|38|97|d6|b4|e0|01|08|06|00|01|08|00|06|04|00|02|38|97|d6|b4|e0|01|0a|aa|7f|fe|34|23|87|45|78|21|0a|aa|7b|e6|00|00|00|00|00|00|00|00|00|00|00|00|00|00|00|00|00|00|

+---------+---------------+----------+
00:29:58,257,334   ETHER
|0   |34|23|87|45|78|21|38|97|d6|b4|e0|01|08|06|00|01|08|00|06|04|00|02|38|97|d6|b4|e0|01|0a|aa|7f|fe|34|23|87|45|78|21|0a|aa|7b|e6|00|00|00|00|00|00|00|00|00|00|00|00|00|00|00|00|00|00|

+---------+---------------+----------+
00:29:58,359,706   ETHER
|0   |34|23|87|45|78|21|38|97|d6|b4|e0|01|08|06|00|01|08|00|06|04|00|02|38|97|d6|b4|e0|01|0a|aa|7f|fe|34|23|87|45|78|21|0a|aa|7b|e6|00|00|00|00|00|00|00|00|00|00|00|00|00|00|00|00|00|00|

+---------+---------------+----------+
00:29:58,462,130   ETHER
|0   |34|23|87|45|78|21|38|97|d6|b4|e0|01|08|06|00|01|08|00|06|04|00|02|38|97|d6|b4|e0|01|0a|aa|7f|fe|34|23|87|45|78|21|0a|aa|7b|e6|00|00|00|00|00|00|00|00|00|00|00|00|00|00|00|00|00|00|

+---------+---------------+----------+
00:29:58,564,528   ETHER
|0   |34|23|87|45|78|21|38|97|d6|b4|e0|01|08|06|00|01|08|00|06|04|00|02|38|97|d6|b4|e0|01|0a|aa|7f|fe|34|23|87|45|78|21|0a|aa|7b|e6|00|00|00|00|00|00|00|00|00|00|00|00|00|00|00|00|00|00|

+---------+---------------+----------+
00:29:58,666,934   ETHER
|0   |34|23|87|45|78|21|38|97|d6|b4|e0|01|08|06|00|01|08|00|06|04|00|02|38|97|d6|b4|e0|01|0a|aa|7f|fe|34|23|87|45|78|21|0a|aa|7b|e6|00|00|00|00|00|00|00|00|00|00|00|00|00|00|00|00|00|00|

+---------+---------------+----------+
00:29:58,769,288   ETHER
|0   |34|23|87|45|78|21|38|97|d6|b4|e0|01|08|06|00|01|08|00|06|04|00|02|38|97|d6|b4|e0|01|0a|aa|7f|fe|34|23|87|45|78|21|0a|aa|7b|e6|00|00|00|00|00|00|00|00|00|00|00|00|00|00|00|00|00|00|

+---------+---------------+----------+
00:29:58,871,635   ETHER
|0   |34|23|87|45|78|21|38|97|d6|b4|e0|01|08|06|00|01|08|00|06|04|00|02|38|97|d6|b4|e0|01|0a|aa|7f|fe|34|23|87|45|78|21|0a|aa|7b|e6|00|00|00|00|00|00|00|00|00|00|00|00|00|00|00|00|00|00|

+---------+---------------+----------+
00:29:58,978,865   ETHER
|0   |34|23|87|45|78|21|38|97|d6|b4|e0|01|08|06|00|01|08|00|06|04|00|02|38|97|d6|b4|e0|01|0a|aa|7f|fe|34|23|87|45|78|21|0a|aa|7b|e6|00|00|00|00|00|00|00|00|00|00|00|00|00|00|00|00|00|00|

+---------+---------------+----------+
00:29:59,076,539   ETHER
|0   |34|23|87|45|78|21|38|97|d6|b4|e0|01|08|06|00|01|08|00|06|04|00|02|38|97|d6|b4|e0|01|0a|aa|7f|fe|34|23|87|45|78|21|0a|aa|7b|e6|00|00|00|00|00|00|00|00|00|00|00|00|00|00|00|00|00|00|

+---------+---------------+----------+
00:29:59,179,592   ETHER
|0   |34|23|87|45|78|21|38|97|d6|b4|e0|01|08|06|00|01|08|00|06|04|00|02|38|97|d6|b4|e0|01|0a|aa|7f|fe|34|23|87|45|78|21|0a|aa|7b|e6|00|00|00|00|00|00|00|00|00|00|00|00|00|00|00|00|00|00|

+---------+---------------+----------+
00:29:59,281,289   ETHER
|0   |34|23|87|45|78|21|38|97|d6|b4|e0|01|08|06|00|01|08|00|06|04|00|02|38|97|d6|b4|e0|01|0a|aa|7f|fe|34|23|87|45|78|21|0a|aa|7b|e6|00|00|00|00|00|00|00|00|00|00|00|00|00|00|00|00|00|00|

+---------+---------------+----------+
00:29:59,384,681   ETHER
|0   |34|23|87|45|78|21|38|97|d6|b4|e0|01|08|06|00|01|08|00|06|04|00|02|38|97|d6|b4|e0|01|0a|aa|7f|fe|34|23|87|45|78|21|0a|aa|7b|e6|00|00|00|00|00|00|00|00|00|00|00|00|00|00|00|00|00|00|

+---------+---------------+----------+
00:29:59,486,138   ETHER
|0   |34|23|87|45|78|21|38|97|d6|b4|e0|01|08|06|00|01|08|00|06|04|00|02|38|97|d6|b4|e0|01|0a|aa|7f|fe|34|23|87|45|78|21|0a|aa|7b|e6|00|00|00|00|00|00|00|00|00|00|00|00|00|00|00|00|00|00|

+---------+---------------+----------+
00:29:59,589,643   ETHER
|0   |34|23|87|45|78|21|38|97|d6|b4|e0|01|08|06|00|01|08|00|06|04|00|02|38|97|d6|b4|e0|01|0a|aa|7f|fe|34|23|87|45|78|21|0a|aa|7b|e6|00|00|00|00|00|00|00|00|00|00|00|00|00|00|00|00|00|00|

+---------+---------------+----------+
00:29:59,665,710   ETHER
|0   |34|23|87|45|78|21|38|97|d6|b4|e0|01|08|06|00|01|08|00|06|04|00|02|38|97|d6|b4|e0|01|0a|aa|7f|fe|34|23|87|45|78|21|0a|aa|7b|e6|00|00|00|00|00|00|00|00|00|00|00|00|00|00|00|00|00|00|

+---------+---------------+----------+
00:29:59,751,701   ETHER
|0   |34|23|87|45|78|21|38|97|d6|b4|e0|01|08|06|00|01|08|00|06|04|00|02|38|97|d6|b4|e0|01|0a|aa|7f|fe|34|23|87|45|78|21|0a|aa|7b|e6|00|00|00|00|00|00|00|00|00|00|00|00|00|00|00|00|00|00|

+---------+---------------+----------+
00:29:59,793,347   ETHER
|0   |34|23|87|45|78|21|38|97|d6|b4|e0|01|08|06|00|01|08|00|06|04|00|02|38|97|d6|b4|e0|01|0a|aa|7f|fe|34|23|87|45|78|21|0a|aa|7b|e6|00|00|00|00|00|00|00|00|00|00|00|00|00|00|00|00|00|00|

+---------+---------------+----------+
00:29:59,897,751   ETHER
|0   |34|23|87|45|78|21|38|97|d6|b4|e0|01|08|06|00|01|08|00|06|04|00|02|38|97|d6|b4|e0|01|0a|aa|7f|fe|34|23|87|45|78|21|0a|aa|7b|e6|00|00|00|00|00|00|00|00|00|00|00|00|00|00|00|00|00|00|

+---------+---------------+----------+
00:29:59,998,151   ETHER
|0   |34|23|87|45|78|21|38|97|d6|b4|e0|01|08|06|00|01|08|00|06|04|00|02|38|97|d6|b4|e0|01|0a|aa|7f|fe|34|23|87|45|78|21|0a|aa|7b|e6|00|00|00|00|00|00|00|00|00|00|00|00|00|00|00|00|00|00|

+---------+---------------+----------+
00:30:00,100,457   ETHER
|0   |34|23|87|45|78|21|38|97|d6|b4|e0|01|08|06|00|01|08|00|06|04|00|02|38|97|d6|b4|e0|01|0a|aa|7f|fe|34|23|87|45|78|21|0a|aa|7b|e6|00|00|00|00|00|00|00|00|00|00|00|00|00|00|00|00|00|00|

+---------+---------------+----------+
00:30:00,155,947   ETHER
|0   |34|23|87|45|78|21|38|97|d6|b4|e0|01|08|06|00|01|08|00|06|04|00|02|38|97|d6|b4|e0|01|0a|aa|7f|fe|34|23|87|45|78|21|0a|aa|7b|e6|00|00|00|00|00|00|00|00|00|00|00|00|00|00|00|00|00|00|

+---------+---------------+----------+
00:30:00,187,843   ETHER
|0   |34|23|87|45|78|21|38|97|d6|b4|e0|01|08|06|00|01|08|00|06|04|00|02|38|97|d6|b4|e0|01|0a|aa|7f|fe|34|23|87|45|78|21|0a|aa|7b|e6|00|00|00|00|00|00|00|00|00|00|00|00|00|00|00|00|00|00|

+---------+---------------+----------+
00:30:00,238,682   ETHER
|0   |34|23|87|45|78|21|38|97|d6|b4|e0|01|08|06|00|01|08|00|06|04|00|02|38|97|d6|b4|e0|01|0a|aa|7f|fe|34|23|87|45|78|21|0a|aa|7b|e6|00|00|00|00|00|00|00|00|00|00|00|00|00|00|00|00|00|00|

+---------+---------------+----------+
00:30:00,309,937   ETHER
|0   |34|23|87|45|78|21|38|97|d6|b4|e0|01|08|06|00|01|08|00|06|04|00|02|38|97|d6|b4|e0|01|0a|aa|7f|fe|34|23|87|45|78|21|0a|aa|7b|e6|00|00|00|00|00|00|00|00|00|00|00|00|00|00|00|00|00|00|

+---------+---------------+----------+
00:30:00,407,759   ETHER
|0   |34|23|87|45|78|21|38|97|d6|b4|e0|01|08|06|00|01|08|00|06|04|00|02|38|97|d6|b4|e0|01|0a|aa|7f|fe|34|23|87|45|78|21|0a|aa|7b|e6|00|00|00|00|00|00|00|00|00|00|00|00|00|00|00|00|00|00|

+---------+---------------+----------+
00:30:00,510,157   ETHER
|0   |34|23|87|45|78|21|38|97|d6|b4|e0|01|08|06|00|01|08|00|06|04|00|02|38|97|d6|b4|e0|01|0a|aa|7f|fe|34|23|87|45|78|21|0a|aa|7b|e6|00|00|00|00|00|00|00|00|00|00|00|00|00|00|00|00|00|00|

+---------+---------------+----------+
00:30:00,612,659   ETHER
|0   |34|23|87|45|78|21|38|97|d6|b4|e0|01|08|06|00|01|08|00|06|04|00|02|38|97|d6|b4|e0|01|0a|aa|7f|fe|34|23|87|45|78|21|0a|aa|7b|e6|00|00|00|00|00|00|00|00|00|00|00|00|00|00|00|00|00|00|

+---------+---------------+----------+
00:30:00,657,664   ETHER
|0   |34|23|87|45|78|21|38|97|d6|b4|e0|01|08|06|00|01|08|00|06|04|00|02|38|97|d6|b4|e0|01|0a|aa|7f|fe|34|23|87|45|78|21|0a|aa|7b|e6|00|00|00|00|00|00|00|00|00|00|00|00|00|00|00|00|00|00|

+---------+---------------+----------+
00:30:00,714,911   ETHER
|0   |34|23|87|45|78|21|38|97|d6|b4|e0|01|08|06|00|01|08|00|06|04|00|02|38|97|d6|b4|e0|01|0a|aa|7f|fe|34|23|87|45|78|21|0a|aa|7b|e6|00|00|00|00|00|00|00|00|00|00|00|00|00|00|00|00|00|00|

+---------+---------------+----------+
00:30:00,817,311   ETHER
|0   |34|23|87|45|78|21|38|97|d6|b4|e0|01|08|06|00|01|08|00|06|04|00|02|38|97|d6|b4|e0|01|0a|aa|7f|fe|34|23|87|45|78|21|0a|aa|7b|e6|00|00|00|00|00|00|00|00|00|00|00|00|00|00|00|00|00|00|

+---------+---------------+----------+
00:30:00,919,716   ETHER
|0   |34|23|87|45|78|21|38|97|d6|b4|e0|01|08|06|00|01|08|00|06|04|00|02|38|97|d6|b4|e0|01|0a|aa|7f|fe|34|23|87|45|78|21|0a|aa|7b|e6|00|00|00|00|00|00|00|00|00|00|00|00|00|00|00|00|00|00|

+---------+---------------+----------+
00:30:01,022,117   ETHER
|0   |34|23|87|45|78|21|38|97|d6|b4|e0|01|08|06|00|01|08|00|06|04|00|02|38|97|d6|b4|e0|01|0a|aa|7f|fe|34|23|87|45|78|21|0a|aa|7b|e6|00|00|00|00|00|00|00|00|00|00|00|00|00|00|00|00|00|00|

+---------+---------------+----------+
00:30:01,124,702   ETHER
|0   |34|23|87|45|78|21|38|97|d6|b4|e0|01|08|06|00|01|08|00|06|04|00|02|38|97|d6|b4|e0|01|0a|aa|7f|fe|34|23|87|45|78|21|0a|aa|7b|e6|00|00|00|00|00|00|00|00|00|00|00|00|00|00|00|00|00|00|

+---------+---------------+----------+
00:30:01,226,959   ETHER
|0   |34|23|87|45|78|21|38|97|d6|b4|e0|01|08|06|00|01|08|00|06|04|00|02|38|97|d6|b4|e0|01|0a|aa|7f|fe|34|23|87|45|78|21|0a|aa|7b|e6|00|00|00|00|00|00|00|00|00|00|00|00|00|00|00|00|00|00|

+---------+---------------+----------+
00:30:01,329,322   ETHER
|0   |34|23|87|45|78|21|38|97|d6|b4|e0|01|08|06|00|01|08|00|06|04|00|02|38|97|d6|b4|e0|01|0a|aa|7f|fe|34|23|87|45|78|21|0a|aa|7b|e6|00|00|00|00|00|00|00|00|00|00|00|00|00|00|00|00|00|00|

+---------+---------------+----------+
00:30:01,431,759   ETHER
|0   |34|23|87|45|78|21|38|97|d6|b4|e0|01|08|06|00|01|08|00|06|04|00|02|38|97|d6|b4|e0|01|0a|aa|7f|fe|34|23|87|45|78|21|0a|aa|7b|e6|00|00|00|00|00|00|00|00|00|00|00|00|00|00|00|00|00|00|

+---------+---------------+----------+
00:30:01,535,357   ETHER
|0   |34|23|87|45|78|21|38|97|d6|b4|e0|01|08|06|00|01|08|00|06|04|00|02|38|97|d6|b4|e0|01|0a|aa|7f|fe|34|23|87|45|78|21|0a|aa|7b|e6|00|00|00|00|00|00|00|00|00|00|00|00|00|00|00|00|00|00|

+---------+---------------+----------+
00:30:01,637,240   ETHER
|0   |34|23|87|45|78|21|38|97|d6|b4|e0|01|08|06|00|01|08|00|06|04|00|02|38|97|d6|b4|e0|01|0a|aa|7f|fe|34|23|87|45|78|21|0a|aa|7b|e6|00|00|00|00|00|00|00|00|00|00|00|00|00|00|00|00|00|00|

+---------+---------------+----------+
00:30:01,702,850   ETHER
|0   |34|23|87|45|78|21|38|97|d6|b4|e0|01|08|06|00|01|08|00|06|04|00|02|38|97|d6|b4|e0|01|0a|aa|7f|fe|34|23|87|45|78|21|0a|aa|7b|e6|00|00|00|00|00|00|00|00|00|00|00|00|00|00|00|00|00|00|

+---------+---------------+----------+
00:30:01,740,585   ETHER
|0   |34|23|87|45|78|21|38|97|d6|b4|e0|01|08|06|00|01|08|00|06|04|00|02|38|97|d6|b4|e0|01|0a|aa|7f|fe|34|23|87|45|78|21|0a|aa|7b|e6|00|00|00|00|00|00|00|00|00|00|00|00|00|00|00|00|00|00|

+---------+---------------+----------+
00:30:01,819,039   ETHER
|0   |34|23|87|45|78|21|38|97|d6|b4|e0|01|08|06|00|01|08|00|06|04|00|02|38|97|d6|b4|e0|01|0a|aa|7f|fe|34|23|87|45|78|21|0a|aa|7b|e6|00|00|00|00|00|00|00|00|00|00|00|00|00|00|00|00|00|00|

+---------+---------------+----------+
00:30:01,889,530   ETHER
|0   |34|23|87|45|78|21|38|97|d6|b4|e0|01|08|06|00|01|08|00|06|04|00|02|38|97|d6|b4|e0|01|0a|aa|7f|fe|34|23|87|45|78|21|0a|aa|7b|e6|00|00|00|00|00|00|00|00|00|00|00|00|00|00|00|00|00|00|

+---------+---------------+----------+
00:30:01,943,724   ETHER
|0   |34|23|87|45|78|21|38|97|d6|b4|e0|01|08|06|00|01|08|00|06|04|00|02|38|97|d6|b4|e0|01|0a|aa|7f|fe|34|23|87|45|78|21|0a|aa|7b|e6|00|00|00|00|00|00|00|00|00|00|00|00|00|00|00|00|00|00|

+---------+---------------+----------+
00:30:02,004,566   ETHER
|0   |34|23|87|45|78|21|38|97|d6|b4|e0|01|08|06|00|01|08|00|06|04|00|02|38|97|d6|b4|e0|01|0a|aa|7f|fe|34|23|87|45|78|21|0a|aa|7b|e6|00|00|00|00|00|00|00|00|00|00|00|00|00|00|00|00|00|00|

+---------+---------------+----------+
00:30:02,046,129   ETHER
|0   |34|23|87|45|78|21|38|97|d6|b4|e0|01|08|06|00|01|08|00|06|04|00|02|38|97|d6|b4|e0|01|0a|aa|7f|fe|34|23|87|45|78|21|0a|aa|7b|e6|00|00|00|00|00|00|00|00|00|00|00|00|00|00|00|00|00|00|

+---------+---------------+----------+
00:30:02,148,522   ETHER
|0   |34|23|87|45|78|21|38|97|d6|b4|e0|01|08|06|00|01|08|00|06|04|00|02|38|97|d6|b4|e0|01|0a|aa|7f|fe|34|23|87|45|78|21|0a|aa|7b|e6|00|00|00|00|00|00|00|00|00|00|00|00|00|00|00|00|00|00|

+---------+---------------+----------+
00:30:02,250,931   ETHER
|0   |34|23|87|45|78|21|38|97|d6|b4|e0|01|08|06|00|01|08|00|06|04|00|02|38|97|d6|b4|e0|01|0a|aa|7f|fe|34|23|87|45|78|21|0a|aa|7b|e6|00|00|00|00|00|00|00|00|00|00|00|00|00|00|00|00|00|00|

+---------+---------------+----------+
00:30:02,356,889   ETHER
|0   |34|23|87|45|78|21|38|97|d6|b4|e0|01|08|06|00|01|08|00|06|04|00|02|38|97|d6|b4|e0|01|0a|aa|7f|fe|34|23|87|45|78|21|0a|aa|7b|e6|00|00|00|00|00|00|00|00|00|00|00|00|00|00|00|00|00|00|

+---------+---------------+----------+
00:30:02,455,776   ETHER
|0   |34|23|87|45|78|21|38|97|d6|b4|e0|01|08|06|00|01|08|00|06|04|00|02|38|97|d6|b4|e0|01|0a|aa|7f|fe|34|23|87|45|78|21|0a|aa|7b|e6|00|00|00|00|00|00|00|00|00|00|00|00|00|00|00|00|00|00|

+---------+---------------+----------+
00:30:02,558,176   ETHER
|0   |34|23|87|45|78|21|38|97|d6|b4|e0|01|08|06|00|01|08|00|06|04|00|02|38|97|d6|b4|e0|01|0a|aa|7f|fe|34|23|87|45|78|21|0a|aa|7b|e6|00|00|00|00|00|00|00|00|00|00|00|00|00|00|00|00|00|00|

+---------+---------------+----------+
00:30:02,660,745   ETHER
|0   |34|23|87|45|78|21|38|97|d6|b4|e0|01|08|06|00|01|08|00|06|04|00|02|38|97|d6|b4|e0|01|0a|aa|7f|fe|34|23|87|45|78|21|0a|aa|7b|e6|00|00|00|00|00|00|00|00|00|00|00|00|00|00|00|00|00|00|

+---------+---------------+----------+
00:30:02,764,444   ETHER
|0   |34|23|87|45|78|21|38|97|d6|b4|e0|01|08|06|00|01|08|00|06|04|00|02|38|97|d6|b4|e0|01|0a|aa|7f|fe|34|23|87|45|78|21|0a|aa|7b|e6|00|00|00|00|00|00|00|00|00|00|00|00|00|00|00|00|00|00|

+---------+---------------+----------+
00:30:02,807,951   ETHER
|0   |34|23|87|45|78|21|38|97|d6|b4|e0|01|08|06|00|01|08|00|06|04|00|02|38|97|d6|b4|e0|01|0a|aa|7f|fe|34|23|87|45|78|21|0a|aa|7b|e6|00|00|00|00|00|00|00|00|00|00|00|00|00|00|00|00|00|00|

+---------+---------------+----------+
00:30:02,967,691   ETHER
|0   |34|23|87|45|78|21|38|97|d6|b4|e0|01|08|06|00|01|08|00|06|04|00|02|38|97|d6|b4|e0|01|0a|aa|7f|fe|34|23|87|45|78|21|0a|aa|7b|e6|00|00|00|00|00|00|00|00|00|00|00|00|00|00|00|00|00|00|

+---------+---------------+----------+
00:30:03,026,450   ETHER
|0   |34|23|87|45|78|21|38|97|d6|b4|e0|01|08|06|00|01|08|00|06|04|00|02|38|97|d6|b4|e0|01|0a|aa|7f|fe|34|23|87|45|78|21|0a|aa|7b|e6|00|00|00|00|00|00|00|00|00|00|00|00|00|00|00|00|00|00|

+---------+---------------+----------+
00:30:03,069,694   ETHER
|0   |34|23|87|45|78|21|38|97|d6|b4|e0|01|08|06|00|01|08|00|06|04|00|02|38|97|d6|b4|e0|01|0a|aa|7f|fe|34|23|87|45|78|21|0a|aa|7b|e6|00|00|00|00|00|00|00|00|00|00|00|00|00|00|00|00|00|00|

+---------+---------------+----------+
00:30:03,173,611   ETHER
|0   |34|23|87|45|78|21|38|97|d6|b4|e0|01|08|06|00|01|08|00|06|04|00|02|38|97|d6|b4|e0|01|0a|aa|7f|fe|34|23|87|45|78|21|0a|aa|7b|e6|00|00|00|00|00|00|00|00|00|00|00|00|00|00|00|00|00|00|

+---------+---------------+----------+
00:30:03,275,182   ETHER
|0   |34|23|87|45|78|21|38|97|d6|b4|e0|01|08|06|00|01|08|00|06|04|00|02|38|97|d6|b4|e0|01|0a|aa|7f|fe|34|23|87|45|78|21|0a|aa|7b|e6|00|00|00|00|00|00|00|00|00|00|00|00|00|00|00|00|00|00|

+---------+---------------+----------+
00:30:03,316,186   ETHER
|0   |34|23|87|45|78|21|38|97|d6|b4|e0|01|08|06|00|01|08|00|06|04|00|02|38|97|d6|b4|e0|01|0a|aa|7f|fe|34|23|87|45|78|21|0a|aa|7b|e6|00|00|00|00|00|00|00|00|00|00|00|00|00|00|00|00|00|00|

+---------+---------------+----------+
00:30:03,378,262   ETHER
|0   |34|23|87|45|78|21|38|97|d6|b4|e0|01|08|06|00|01|08|00|06|04|00|02|38|97|d6|b4|e0|01|0a|aa|7f|fe|34|23|87|45|78|21|0a|aa|7b|e6|00|00|00|00|00|00|00|00|00|00|00|00|00|00|00|00|00|00|

+---------+---------------+----------+
00:30:03,420,468   ETHER
|0   |34|23|87|45|78|21|38|97|d6|b4|e0|01|08|06|00|01|08|00|06|04|00|02|38|97|d6|b4|e0|01|0a|aa|7f|fe|34|23|87|45|78|21|0a|aa|7b|e6|00|00|00|00|00|00|00|00|00|00|00|00|00|00|00|00|00|00|

+---------+---------------+----------+
00:30:03,481,526   ETHER
|0   |34|23|87|45|78|21|38|97|d6|b4|e0|01|08|06|00|01|08|00|06|04|00|02|38|97|d6|b4|e0|01|0a|aa|7f|fe|34|23|87|45|78|21|0a|aa|7b|e6|00|00|00|00|00|00|00|00|00|00|00|00|00|00|00|00|00|00|

+---------+---------------+----------+
00:30:03,582,184   ETHER
|0   |34|23|87|45|78|21|38|97|d6|b4|e0|01|08|06|00|01|08|00|06|04|00|02|38|97|d6|b4|e0|01|0a|aa|7f|fe|34|23|87|45|78|21|0a|aa|7b|e6|00|00|00|00|00|00|00|00|00|00|00|00|00|00|00|00|00|00|

+---------+---------------+----------+
00:30:03,684,539   ETHER
|0   |34|23|87|45|78|21|38|97|d6|b4|e0|01|08|06|00|01|08|00|06|04|00|02|38|97|d6|b4|e0|01|0a|aa|7f|fe|34|23|87|45|78|21|0a|aa|7b|e6|00|00|00|00|00|00|00|00|00|00|00|00|00|00|00|00|00|00|

+---------+---------------+----------+
00:30:03,786,941   ETHER
|0   |34|23|87|45|78|21|38|97|d6|b4|e0|01|08|06|00|01|08|00|06|04|00|02|38|97|d6|b4|e0|01|0a|aa|7f|fe|34|23|87|45|78|21|0a|aa|7b|e6|00|00|00|00|00|00|00|00|00|00|00|00|00|00|00|00|00|00|

+---------+---------------+----------+
00:30:03,889,386   ETHER
|0   |34|23|87|45|78|21|38|97|d6|b4|e0|01|08|06|00|01|08|00|06|04|00|02|38|97|d6|b4|e0|01|0a|aa|7f|fe|34|23|87|45|78|21|0a|aa|7b|e6|00|00|00|00|00|00|00|00|00|00|00|00|00|00|00|00|00|00|

+---------+---------------+----------+
00:30:03,991,748   ETHER
|0   |34|23|87|45|78|21|38|97|d6|b4|e0|01|08|06|00|01|08|00|06|04|00|02|38|97|d6|b4|e0|01|0a|aa|7f|fe|34|23|87|45|78|21|0a|aa|7b|e6|00|00|00|00|00|00|00|00|00|00|00|00|00|00|00|00|00|00|

+---------+---------------+----------+
00:30:04,094,866   ETHER
|0   |34|23|87|45|78|21|38|97|d6|b4|e0|01|08|06|00|01|08|00|06|04|00|02|38|97|d6|b4|e0|01|0a|aa|7f|fe|34|23|87|45|78|21|0a|aa|7b|e6|00|00|00|00|00|00|00|00|00|00|00|00|00|00|00|00|00|00|

+---------+---------------+----------+
00:30:04,196,588   ETHER
|0   |34|23|87|45|78|21|38|97|d6|b4|e0|01|08|06|00|01|08|00|06|04|00|02|38|97|d6|b4|e0|01|0a|aa|7f|fe|34|23|87|45|78|21|0a|aa|7b|e6|00|00|00|00|00|00|00|00|00|00|00|00|00|00|00|00|00|00|

+---------+---------------+----------+
00:30:04,298,994   ETHER
|0   |34|23|87|45|78|21|38|97|d6|b4|e0|01|08|06|00|01|08|00|06|04|00|02|38|97|d6|b4|e0|01|0a|aa|7f|fe|34|23|87|45|78|21|0a|aa|7b|e6|00|00|00|00|00|00|00|00|00|00|00|00|00|00|00|00|00|00|

+---------+---------------+----------+
00:30:04,403,335   ETHER
|0   |34|23|87|45|78|21|38|97|d6|b4|e0|01|08|06|00|01|08|00|06|04|00|02|38|97|d6|b4|e0|01|0a|aa|7f|fe|34|23|87|45|78|21|0a|aa|7b|e6|00|00|00|00|00|00|00|00|00|00|00|00|00|00|00|00|00|00|

+---------+---------------+----------+
00:30:04,503,920   ETHER
|0   |34|23|87|45|78|21|38|97|d6|b4|e0|01|08|06|00|01|08|00|06|04|00|02|38|97|d6|b4|e0|01|0a|aa|7f|fe|34|23|87|45|78|21|0a|aa|7b|e6|00|00|00|00|00|00|00|00|00|00|00|00|00|00|00|00|00|00|

+---------+---------------+----------+
00:30:04,606,146   ETHER
|0   |34|23|87|45|78|21|38|97|d6|b4|e0|01|08|06|00|01|08|00|06|04|00|02|38|97|d6|b4|e0|01|0a|aa|7f|fe|34|23|87|45|78|21|0a|aa|7b|e6|00|00|00|00|00|00|00|00|00|00|00|00|00|00|00|00|00|00|

+---------+---------------+----------+
00:30:04,708,553   ETHER
|0   |34|23|87|45|78|21|38|97|d6|b4|e0|01|08|06|00|01|08|00|06|04|00|02|38|97|d6|b4|e0|01|0a|aa|7f|fe|34|23|87|45|78|21|0a|aa|7b|e6|00|00|00|00|00|00|00|00|00|00|00|00|00|00|00|00|00|00|

+---------+---------------+----------+
00:30:04,810,950   ETHER
|0   |34|23|87|45|78|21|38|97|d6|b4|e0|01|08|06|00|01|08|00|06|04|00|02|38|97|d6|b4|e0|01|0a|aa|7f|fe|34|23|87|45|78|21|0a|aa|7b|e6|00|00|00|00|00|00|00|00|00|00|00|00|00|00|00|00|00|00|

+---------+---------------+----------+
00:30:04,913,291   ETHER
|0   |34|23|87|45|78|21|38|97|d6|b4|e0|01|08|06|00|01|08|00|06|04|00|02|38|97|d6|b4|e0|01|0a|aa|7f|fe|34|23|87|45|78|21|0a|aa|7b|e6|00|00|00|00|00|00|00|00|00|00|00|00|00|00|00|00|00|00|

+---------+---------------+----------+
00:30:05,016,339   ETHER
|0   |34|23|87|45|78|21|38|97|d6|b4|e0|01|08|06|00|01|08|00|06|04|00|02|38|97|d6|b4|e0|01|0a|aa|7f|fe|34|23|87|45|78|21|0a|aa|7b|e6|00|00|00|00|00|00|00|00|00|00|00|00|00|00|00|00|00|00|

+---------+---------------+----------+
00:30:05,118,198   ETHER
|0   |34|23|87|45|78|21|38|97|d6|b4|e0|01|08|06|00|01|08|00|06|04|00|02|38|97|d6|b4|e0|01|0a|aa|7f|fe|34|23|87|45|78|21|0a|aa|7b|e6|00|00|00|00|00|00|00|00|00|00|00|00|00|00|00|00|00|00|

+---------+---------------+----------+
00:30:05,222,318   ETHER
|0   |34|23|87|45|78|21|38|97|d6|b4|e0|01|08|06|00|01|08|00|06|04|00|02|38|97|d6|b4|e0|01|0a|aa|7f|fe|34|23|87|45|78|21|0a|aa|7b|e6|00|00|00|00|00|00|00|00|00|00|00|00|00|00|00|00|00|00|

+---------+---------------+----------+
00:30:05,322,982   ETHER
|0   |34|23|87|45|78|21|38|97|d6|b4|e0|01|08|06|00|01|08|00|06|04|00|02|38|97|d6|b4|e0|01|0a|aa|7f|fe|34|23|87|45|78|21|0a|aa|7b|e6|00|00|00|00|00|00|00|00|00|00|00|00|00|00|00|00|00|00|

+---------+---------------+----------+
00:30:05,426,155   ETHER
|0   |34|23|87|45|78|21|38|97|d6|b4|e0|01|08|06|00|01|08|00|06|04|00|02|38|97|d6|b4|e0|01|0a|aa|7f|fe|34|23|87|45|78|21|0a|aa|7b|e6|00|00|00|00|00|00|00|00|00|00|00|00|00|00|00|00|00|00|

+---------+---------------+----------+
00:30:05,527,806   ETHER
|0   |34|23|87|45|78|21|38|97|d6|b4|e0|01|08|06|00|01|08|00|06|04|00|02|38|97|d6|b4|e0|01|0a|aa|7f|fe|34|23|87|45|78|21|0a|aa|7b|e6|00|00|00|00|00|00|00|00|00|00|00|00|00|00|00|00|00|00|

+---------+---------------+----------+
00:30:05,583,763   ETHER
|0   |34|23|87|45|78|21|38|97|d6|b4|e0|01|08|06|00|01|08|00|06|04|00|02|38|97|d6|b4|e0|01|0a|aa|7f|fe|34|23|87|45|78|21|0a|aa|7b|e6|00|00|00|00|00|00|00|00|00|00|00|00|00|00|00|00|00|00|

+---------+---------------+----------+
00:30:05,630,163   ETHER
|0   |34|23|87|45|78|21|38|97|d6|b4|e0|01|08|06|00|01|08|00|06|04|00|02|38|97|d6|b4|e0|01|0a|aa|7f|fe|34|23|87|45|78|21|0a|aa|7b|e6|00|00|00|00|00|00|00|00|00|00|00|00|00|00|00|00|00|00|

+---------+---------------+----------+
00:30:05,675,039   ETHER
|0   |34|23|87|45|78|21|38|97|d6|b4|e0|01|08|06|00|01|08|00|06|04|00|02|38|97|d6|b4|e0|01|0a|aa|7f|fe|34|23|87|45|78|21|0a|aa|7b|e6|00|00|00|00|00|00|00|00|00|00|00|00|00|00|00|00|00|00|

+---------+---------------+----------+
00:30:05,717,914   ETHER
|0   |34|23|87|45|78|21|38|97|d6|b4|e0|01|08|06|00|01|08|00|06|04|00|02|38|97|d6|b4|e0|01|0a|aa|7f|fe|34|23|87|45|78|21|0a|aa|7b|e6|00|00|00|00|00|00|00|00|00|00|00|00|00|00|00|00|00|00|

+---------+---------------+----------+
00:30:05,761,750   ETHER
|0   |34|23|87|45|78|21|38|97|d6|b4|e0|01|08|06|00|01|08|00|06|04|00|02|38|97|d6|b4|e0|01|0a|aa|7f|fe|34|23|87|45|78|21|0a|aa|7b|e6|00|00|00|00|00|00|00|00|00|00|00|00|00|00|00|00|00|00|

+---------+---------------+----------+
00:30:05,835,005   ETHER
|0   |34|23|87|45|78|21|38|97|d6|b4|e0|01|08|06|00|01|08|00|06|04|00|02|38|97|d6|b4|e0|01|0a|aa|7f|fe|34|23|87|45|78|21|0a|aa|7b|e6|00|00|00|00|00|00|00|00|00|00|00|00|00|00|00|00|00|00|

+---------+---------------+----------+
00:30:05,891,382   ETHER
|0   |34|23|87|45|78|21|38|97|d6|b4|e0|01|08|06|00|01|08|00|06|04|00|02|38|97|d6|b4|e0|01|0a|aa|7f|fe|34|23|87|45|78|21|0a|aa|7b|e6|00|00|00|00|00|00|00|00|00|00|00|00|00|00|00|00|00|00|

+---------+---------------+----------+
00:30:05,937,358   ETHER
|0   |34|23|87|45|78|21|38|97|d6|b4|e0|01|08|06|00|01|08|00|06|04|00|02|38|97|d6|b4|e0|01|0a|aa|7f|fe|34|23|87|45|78|21|0a|aa|7b|e6|00|00|00|00|00|00|00|00|00|00|00|00|00|00|00|00|00|00|

+---------+---------------+----------+
00:30:06,039,809   ETHER
|0   |34|23|87|45|78|21|38|97|d6|b4|e0|01|08|06|00|01|08|00|06|04|00|02|38|97|d6|b4|e0|01|0a|aa|7f|fe|34|23|87|45|78|21|0a|aa|7b|e6|00|00|00|00|00|00|00|00|00|00|00|00|00|00|00|00|00|00|

+---------+---------------+----------+
00:30:06,095,843   ETHER
|0   |34|23|87|45|78|21|38|97|d6|b4|e0|01|08|06|00|01|08|00|06|04|00|02|38|97|d6|b4|e0|01|0a|aa|7f|fe|34|23|87|45|78|21|0a|aa|7b|e6|00|00|00|00|00|00|00|00|00|00|00|00|00|00|00|00|00|00|

+---------+---------------+----------+
00:30:06,142,211   ETHER
|0   |34|23|87|45|78|21|38|97|d6|b4|e0|01|08|06|00|01|08|00|06|04|00|02|38|97|d6|b4|e0|01|0a|aa|7f|fe|34|23|87|45|78|21|0a|aa|7b|e6|00|00|00|00|00|00|00|00|00|00|00|00|00|00|00|00|00|00|

+---------+---------------+----------+
00:30:06,244,573   ETHER
|0   |34|23|87|45|78|21|38|97|d6|b4|e0|01|08|06|00|01|08|00|06|04|00|02|38|97|d6|b4|e0|01|0a|aa|7f|fe|34|23|87|45|78|21|0a|aa|7b|e6|00|00|00|00|00|00|00|00|00|00|00|00|00|00|00|00|00|00|

+---------+---------------+----------+
00:30:06,347,015   ETHER
|0   |34|23|87|45|78|21|38|97|d6|b4|e0|01|08|06|00|01|08|00|06|04|00|02|38|97|d6|b4|e0|01|0a|aa|7f|fe|34|23|87|45|78|21|0a|aa|7b|e6|00|00|00|00|00|00|00|00|00|00|00|00|00|00|00|00|00|00|

+---------+---------------+----------+
00:30:06,449,420   ETHER
|0   |34|23|87|45|78|21|38|97|d6|b4|e0|01|08|06|00|01|08|00|06|04|00|02|38|97|d6|b4|e0|01|0a|aa|7f|fe|34|23|87|45|78|21|0a|aa|7b|e6|00|00|00|00|00|00|00|00|00|00|00|00|00|00|00|00|00|00|

+---------+---------------+----------+
00:30:06,551,772   ETHER
|0   |34|23|87|45|78|21|38|97|d6|b4|e0|01|08|06|00|01|08|00|06|04|00|02|38|97|d6|b4|e0|01|0a|aa|7f|fe|34|23|87|45|78|21|0a|aa|7b|e6|00|00|00|00|00|00|00|00|00|00|00|00|00|00|00|00|00|00|

+---------+---------------+----------+
00:30:06,654,211   ETHER
|0   |34|23|87|45|78|21|38|97|d6|b4|e0|01|08|06|00|01|08|00|06|04|00|02|38|97|d6|b4|e0|01|0a|aa|7f|fe|34|23|87|45|78|21|0a|aa|7b|e6|00|00|00|00|00|00|00|00|00|00|00|00|00|00|00|00|00|00|

+---------+---------------+----------+
00:30:06,759,945   ETHER
|0   |34|23|87|45|78|21|38|97|d6|b4|e0|01|08|06|00|01|08|00|06|04|00|02|38|97|d6|b4|e0|01|0a|aa|7f|fe|34|23|87|45|78|21|0a|aa|7b|e6|00|00|00|00|00|00|00|00|00|00|00|00|00|00|00|00|00|00|

+---------+---------------+----------+
00:30:06,858,962   ETHER
|0   |34|23|87|45|78|21|38|97|d6|b4|e0|01|08|06|00|01|08|00|06|04|00|02|38|97|d6|b4|e0|01|0a|aa|7f|fe|34|23|87|45|78|21|0a|aa|7b|e6|00|00|00|00|00|00|00|00|00|00|00|00|00|00|00|00|00|00|

+---------+---------------+----------+
00:30:06,962,591   ETHER
|0   |34|23|87|45|78|21|38|97|d6|b4|e0|01|08|06|00|01|08|00|06|04|00|02|38|97|d6|b4|e0|01|0a|aa|7f|fe|34|23|87|45|78|21|0a|aa|7b|e6|00|00|00|00|00|00|00|00|00|00|00|00|00|00|00|00|00|00|

+---------+---------------+----------+
00:30:07,049,200   ETHER
|0   |34|23|87|45|78|21|38|97|d6|b4|e0|01|08|06|00|01|08|00|06|04|00|02|38|97|d6|b4|e0|01|0a|aa|7f|fe|34|23|87|45|78|21|0a|aa|7b|e6|00|00|00|00|00|00|00|00|00|00|00|00|00|00|00|00|00|00|

+---------+---------------+----------+
00:30:07,082,489   ETHER
|0   |34|23|87|45|78|21|38|97|d6|b4|e0|01|08|06|00|01|08|00|06|04|00|02|38|97|d6|b4|e0|01|0a|aa|7f|fe|34|23|87|45|78|21|0a|aa|7b|e6|00|00|00|00|00|00|00|00|00|00|00|00|00|00|00|00|00|00|

+---------+---------------+----------+
00:30:07,149,190   ETHER
|0   |34|23|87|45|78|21|38|97|d6|b4|e0|01|08|06|00|01|08|00|06|04|00|02|38|97|d6|b4|e0|01|0a|aa|7f|fe|34|23|87|45|78|21|0a|aa|7b|e6|00|00|00|00|00|00|00|00|00|00|00|00|00|00|00|00|00|00|

+---------+---------------+----------+
00:30:07,248,596   ETHER
|0   |34|23|87|45|78|21|38|97|d6|b4|e0|01|08|06|00|01|08|00|06|04|00|02|38|97|d6|b4|e0|01|0a|aa|7f|fe|34|23|87|45|78|21|0a|aa|7b|e6|00|00|00|00|00|00|00|00|00|00|00|00|00|00|00|00|00|00|

+---------+---------------+----------+
00:30:07,371,026   ETHER
|0   |34|23|87|45|78|21|38|97|d6|b4|e0|01|08|06|00|01|08|00|06|04|00|02|38|97|d6|b4|e0|01|0a|aa|7f|fe|34|23|87|45|78|21|0a|aa|7b|e6|00|00|00|00|00|00|00|00|00|00|00|00|00|00|00|00|00|00|

+---------+---------------+----------+
00:30:07,473,389   ETHER
|0   |34|23|87|45|78|21|38|97|d6|b4|e0|01|08|06|00|01|08|00|06|04|00|02|38|97|d6|b4|e0|01|0a|aa|7f|fe|34|23|87|45|78|21|0a|aa|7b|e6|00|00|00|00|00|00|00|00|00|00|00|00|00|00|00|00|00|00|

+---------+---------------+----------+
00:30:07,575,827   ETHER
|0   |34|23|87|45|78|21|38|97|d6|b4|e0|01|08|06|00|01|08|00|06|04|00|02|38|97|d6|b4|e0|01|0a|aa|7f|fe|34|23|87|45|78|21|0a|aa|7b|e6|00|00|00|00|00|00|00|00|00|00|00|00|00|00|00|00|00|00|

+---------+---------------+----------+
00:30:07,678,229   ETHER
|0   |34|23|87|45|78|21|38|97|d6|b4|e0|01|08|06|00|01|08|00|06|04|00|02|38|97|d6|b4|e0|01|0a|aa|7f|fe|34|23|87|45|78|21|0a|aa|7b|e6|00|00|00|00|00|00|00|00|00|00|00|00|00|00|00|00|00|00|

+---------+---------------+----------+
00:30:07,780,627   ETHER
|0   |34|23|87|45|78|21|38|97|d6|b4|e0|01|08|06|00|01|08|00|06|04|00|02|38|97|d6|b4|e0|01|0a|aa|7f|fe|34|23|87|45|78|21|0a|aa|7b|e6|00|00|00|00|00|00|00|00|00|00|00|00|00|00|00|00|00|00|

+---------+---------------+----------+
00:30:07,883,029   ETHER
|0   |34|23|87|45|78|21|38|97|d6|b4|e0|01|08|06|00|01|08|00|06|04|00|02|38|97|d6|b4|e0|01|0a|aa|7f|fe|34|23|87|45|78|21|0a|aa|7b|e6|00|00|00|00|00|00|00|00|00|00|00|00|00|00|00|00|00|00|

+---------+---------------+----------+
00:30:07,985,384   ETHER
|0   |34|23|87|45|78|21|38|97|d6|b4|e0|01|08|06|00|01|08|00|06|04|00|02|38|97|d6|b4|e0|01|0a|aa|7f|fe|34|23|87|45|78|21|0a|aa|7b|e6|00|00|00|00|00|00|00|00|00|00|00|00|00|00|00|00|00|00|

+---------+---------------+----------+
00:30:08,087,827   ETHER
|0   |34|23|87|45|78|21|38|97|d6|b4|e0|01|08|06|00|01|08|00|06|04|00|02|38|97|d6|b4|e0|01|0a|aa|7f|fe|34|23|87|45|78|21|0a|aa|7b|e6|00|00|00|00|00|00|00|00|00|00|00|00|00|00|00|00|00|00|

+---------+---------------+----------+
00:30:08,195,126   ETHER
|0   |34|23|87|45|78|21|38|97|d6|b4|e0|01|08|06|00|01|08|00|06|04|00|02|38|97|d6|b4|e0|01|0a|aa|7f|fe|34|23|87|45|78|21|0a|aa|7b|e6|00|00|00|00|00|00|00|00|00|00|00|00|00|00|00|00|00|00|

+---------+---------------+----------+
00:30:08,237,279   ETHER
|0   |34|23|87|45|78|21|38|97|d6|b4|e0|01|08|06|00|01|08|00|06|04|00|02|38|97|d6|b4|e0|01|0a|aa|7f|fe|34|23|87|45|78|21|0a|aa|7b|e6|00|00|00|00|00|00|00|00|00|00|00|00|00|00|00|00|00|00|

+---------+---------------+----------+
00:30:08,298,451   ETHER
|0   |34|23|87|45|78|21|38|97|d6|b4|e0|01|08|06|00|01|08|00|06|04|00|02|38|97|d6|b4|e0|01|0a|aa|7f|fe|34|23|87|45|78|21|0a|aa|7b|e6|00|00|00|00|00|00|00|00|00|00|00|00|00|00|00|00|00|00|

+---------+---------------+----------+
00:30:08,365,527   ETHER
|0   |34|23|87|45|78|21|38|97|d6|b4|e0|01|08|06|00|01|08|00|06|04|00|02|38|97|d6|b4|e0|01|0a|aa|7f|fe|34|23|87|45|78|21|0a|aa|7b|e6|00|00|00|00|00|00|00|00|00|00|00|00|00|00|00|00|00|00|

+---------+---------------+----------+
00:30:08,406,969   ETHER
|0   |34|23|87|45|78|21|38|97|d6|b4|e0|01|08|06|00|01|08|00|06|04|00|02|38|97|d6|b4|e0|01|0a|aa|7f|fe|34|23|87|45|78|21|0a|aa|7b|e6|00|00|00|00|00|00|00|00|00|00|00|00|00|00|00|00|00|00|

+---------+---------------+----------+
00:30:08,492,064   ETHER
|0   |34|23|87|45|78|21|38|97|d6|b4|e0|01|08|06|00|01|08|00|06|04|00|02|38|97|d6|b4|e0|01|0a|aa|7f|fe|34|23|87|45|78|21|0a|aa|7b|e6|00|00|00|00|00|00|00|00|00|00|00|00|00|00|00|00|00|00|

+---------+---------------+----------+
00:30:08,600,853   ETHER
|0   |34|23|87|45|78|21|38|97|d6|b4|e0|01|08|06|00|01|08|00|06|04|00|02|38|97|d6|b4|e0|01|0a|aa|7f|fe|34|23|87|45|78|21|0a|aa|7b|e6|00|00|00|00|00|00|00|00|00|00|00|00|00|00|00|00|00|00|

+---------+---------------+----------+
00:30:08,702,241   ETHER
|0   |34|23|87|45|78|21|38|97|d6|b4|e0|01|08|06|00|01|08|00|06|04|00|02|38|97|d6|b4|e0|01|0a|aa|7f|fe|34|23|87|45|78|21|0a|aa|7b|e6|00|00|00|00|00|00|00|00|00|00|00|00|00|00|00|00|00|00|

+---------+---------------+----------+
00:30:08,805,244   ETHER
|0   |34|23|87|45|78|21|38|97|d6|b4|e0|01|08|06|00|01|08|00|06|04|00|02|38|97|d6|b4|e0|01|0a|aa|7f|fe|34|23|87|45|78|21|0a|aa|7b|e6|00|00|00|00|00|00|00|00|00|00|00|00|00|00|00|00|00|00|

