8
	Lasso		Lin		RF		RFE		Ridge		p_val		Mean
x0	0.00	0.27	0.85	1.00	0.35	0.00	0.49
x1	0.00	0.35	0.31	1.00	0.70	0.00	0.47
x2	0.00	0.49	1.00	1.00	0.62	0.00	0.62
x3	0.00	0.93	0.16	1.00	0.70	0.00	0.56
x4	0.00	0.09	0.00	0.67	0.07	0.00	0.17
x5	1.00	0.00	0.05	0.00	0.00	0.00	0.21
x6	0.00	0.03	0.00	0.33	0.03	1.00	0.08
x7	0.00	1.00	0.01	1.00	1.00	0.99	0.60
8
	Lasso		Lin		RF		RFE		Ridge		p_val		Mean
x0	0.00	0.36	1.00	0.33	0.42	0.38	0.42
x1	0.00	1.00	0.38	1.00	1.00	0.01	0.68
x2	0.00	0.55	0.37	1.00	0.64	0.00	0.51
x3	0.00	0.50	0.44	0.67	0.57	0.01	0.44
x4	0.00	0.82	0.05	1.00	0.66	0.66	0.51
x5	1.00	0.00	0.17	0.00	0.00	0.01	0.23
x6	0.00	0.91	0.00	1.00	0.83	0.93	0.55
x7	0.00	0.39	0.10	1.00	0.59	1.00	0.42
8
	Lasso		Lin		RF		RFE		Ridge		p_val		Mean
x0	1.00	0.65	1.00	1.00	0.66	0.00	0.86
x1	0.00	0.35	0.19	1.00	0.38	0.00	0.38
x2	0.29	1.00	0.61	1.00	1.00	0.00	0.78
x3	0.00	0.46	0.19	1.00	0.39	0.00	0.41
x4	0.00	0.20	0.20	0.67	0.16	0.00	0.25
x5	0.11	0.00	0.03	0.00	0.00	0.00	0.03
x6	0.00	0.69	0.23	1.00	0.67	0.96	0.52
x7	0.00	0.30	0.00	0.33	0.27	1.00	0.18
8
	Lasso		Lin		RF		RFE		Ridge		p_val		Mean
x0	0.00	0.33	0.32	1.00	0.53	0.00	0.44
x1	0.00	0.01	0.37	1.00	0.03	0.11	0.28
x2	0.00	0.01	0.03	0.67	0.02	0.32	0.15
x3	0.00	0.18	1.00	1.00	0.24	0.14	0.48
x4	0.00	1.00	0.00	1.00	1.00	0.00	0.60
x5	0.00	0.00	0.06	0.00	0.00	0.58	0.01
x6	0.00	0.66	0.01	1.00	0.61	0.95	0.46
x7	0.00	0.00	0.03	0.33	0.00	1.00	0.07
8
	Lasso		Lin		RF		RFE		Ridge		p_val		Mean
x0	0.00	0.86	0.52	1.00	0.91	0.00	0.66
x1	0.00	0.27	0.25	1.00	0.24	0.53	0.35
x2	0.00	0.08	1.00	0.33	0.07	0.50	0.30
x3	0.00	0.20	0.26	0.67	0.19	0.93	0.26
x4	0.00	1.00	0.03	1.00	1.00	0.00	0.61
x5	0.00	0.00	0.00	0.00	0.00	0.56	0.00
x6	0.00	0.26	0.06	1.00	0.24	0.96	0.31
x7	0.00	0.10	0.01	1.00	0.06	1.00	0.23
8
	Lasso		Lin		RF		RFE		Ridge		p_val		Mean
x0	0.00	0.51	1.00	1.00	0.51	0.00	0.60
x1	0.00	0.38	0.48	1.00	0.39	0.01	0.45
x2	0.00	1.00	0.37	1.00	1.00	0.00	0.67
x3	0.00	0.92	0.29	1.00	0.85	0.02	0.61
x4	0.00	0.70	0.09	1.00	0.66	0.08	0.49
x5	0.00	0.03	0.01	0.33	0.00	1.00	0.07
x6	0.00	0.00	0.06	0.00	0.00	0.97	0.01
x7	0.00	0.10	0.00	0.67	0.10	0.99	0.17
8
	Lasso		Lin		RF		RFE		Ridge		p_val		Mean
x0	1.00	0.79	1.00	1.00	0.85	0.00	0.93
x1	0.00	0.04	0.29	0.33	0.03	0.34	0.14
x2	0.00	0.00	0.15	0.00	0.00	0.02	0.03
x3	0.00	0.72	0.33	1.00	0.71	0.21	0.55
x4	0.00	1.00	0.06	1.00	1.00	0.00	0.61
x5	0.18	0.09	0.00	0.67	0.10	0.00	0.21
x6	0.00	0.23	0.30	1.00	0.22	0.98	0.35
x7	0.00	0.13	0.02	1.00	0.16	1.00	0.26
8
	Lasso		Lin		RF		RFE		Ridge		p_val		Mean
x0	1.00	0.46	1.00	1.00	0.53	0.00	0.80
x1	0.00	0.23	0.18	1.00	0.23	0.02	0.33
x2	0.00	0.01	0.59	0.67	0.01	0.00	0.26
x3	0.00	0.00	0.17	0.00	0.00	0.16	0.03
x4	0.00	1.00	0.09	1.00	1.00	0.00	0.62
x5	0.00	0.01	0.01	0.33	0.00	0.65	0.07
x6	0.00	0.71	0.25	1.00	0.71	1.00	0.53
x7	0.00	0.18	0.00	1.00	0.17	1.00	0.27
8
	Lasso		Lin		RF		RFE		Ridge		p_val		Mean
x0	0.00	0.33	1.00	1.00	0.50	0.00	0.57
x1	0.00	0.01	0.80	1.00	0.01	0.72	0.36
x2	0.00	0.00	0.11	0.00	0.00	0.15	0.02
x3	0.00	0.03	0.82	1.00	0.03	0.39	0.38
x4	0.00	1.00	0.00	1.00	1.00	0.00	0.60
x5	1.00	0.01	0.15	0.33	0.00	0.05	0.30
x6	0.00	0.71	0.10	1.00	0.68	0.96	0.50
x7	0.00	0.03	0.12	0.67	0.04	1.00	0.17
8
	Lasso		Lin		RF		RFE		Ridge		p_val		Mean
x0	1.00	0.40	1.00	1.00	0.48	0.00	0.78
x1	0.00	0.01	0.12	0.67	0.01	0.01	0.16
x2	0.00	0.00	0.71	0.33	0.01	0.00	0.21
x3	0.00	0.02	0.29	1.00	0.02	0.01	0.27
x4	0.00	1.00	0.31	1.00	1.00	0.00	0.66
x5	0.02	0.00	0.00	0.00	0.00	0.00	0.00
x6	0.00	0.72	0.19	1.00	0.71	0.99	0.52
x7	0.00	0.03	0.05	1.00	0.03	1.00	0.22
8
	Lasso		Lin		RF		RFE		Ridge		p_val		Mean
x0	0.00	0.27	0.81	1.00	0.35	0.00	0.49
x1	0.00	0.35	0.24	1.00	0.70	0.00	0.46
x2	0.00	0.49	1.00	1.00	0.62	0.00	0.62
x3	0.00	0.93	0.19	1.00	0.70	0.00	0.56
x4	0.00	0.09	0.00	0.67	0.07	0.00	0.17
x5	1.00	0.00	0.06	0.00	0.00	0.00	0.21
x6	0.00	0.03	0.01	0.33	0.03	1.00	0.08
x7	0.00	1.00	0.07	1.00	1.00	0.99	0.61
