48
	Lasso		Lin		RF		RFE		Ridge		p_val		Mean
x0	0.00	0.03	0.15	0.49	0.35	0.00	0.20
x1	0.00	0.04	0.11	0.42	0.52	0.00	0.22
x2	0.00	0.03	0.69	0.44	0.34	0.00	0.30
x3	0.00	0.03	0.03	0.37	0.30	0.09	0.15
x4	0.23	0.09	1.00	0.67	0.96	0.00	0.59
x5	0.00	0.04	0.34	0.47	0.43	0.00	0.26
x6	0.00	0.08	0.01	0.65	0.72	0.02	0.29
x7	0.00	0.00	0.03	0.02	0.13	0.01	0.04
x8	0.00	0.45	0.07	1.00	0.11	0.03	0.33
x9	0.00	0.49	0.04	1.00	0.17	0.03	0.34
x10	0.00	0.66	0.09	0.98	0.30	0.02	0.41
x11	0.00	0.23	0.04	0.72	0.23	0.00	0.24
x12	0.00	0.00	0.03	0.00	0.16	0.04	0.04
x13	0.00	0.06	0.01	0.58	0.40	0.00	0.21
x14	0.00	0.01	0.06	0.23	0.09	0.07	0.08
x15	0.00	0.04	0.07	0.33	0.43	0.00	0.17
x16	0.00	0.19	0.04	0.56	0.23	0.00	0.20
x17	0.00	0.22	0.02	0.86	0.41	0.07	0.30
x18	0.00	0.10	0.13	0.81	0.18	0.03	0.24
x19	0.00	1.00	0.05	1.00	0.06	0.01	0.42
x20	0.00	0.88	0.01	1.00	0.20	0.01	0.42
x21	0.00	0.31	0.06	1.00	0.00	0.03	0.27
x22	0.00	0.36	0.09	0.79	0.18	0.00	0.28
x23	0.00	0.79	0.03	0.91	0.03	0.01	0.35
x24	0.00	0.04	0.02	0.19	0.12	0.22	0.07
x25	0.00	0.23	0.03	0.77	1.00	0.00	0.41
x26	0.00	0.04	0.02	0.40	0.48	0.46	0.19
x27	0.00	0.03	0.02	0.35	0.09	0.05	0.10
x28	0.00	0.05	0.01	0.63	0.33	0.24	0.20
x29	0.00	0.22	0.00	0.84	0.10	0.84	0.23
x30	0.82	0.01	0.02	0.26	0.21	0.01	0.26
x31	0.62	0.00	0.05	0.05	0.09	0.01	0.16
x32	0.54	0.02	0.02	0.28	0.20	0.02	0.21
x33	0.73	0.01	0.00	0.12	0.11	0.02	0.19
x34	1.00	0.01	0.06	0.09	0.14	0.00	0.26
x35	0.62	0.01	0.02	0.07	0.09	0.01	0.16
x36	0.00	0.03	0.04	0.21	0.20	0.61	0.10
x37	0.00	0.10	0.09	0.74	0.34	0.18	0.25
x38	0.00	0.09	0.03	0.60	0.15	0.91	0.17
x39	0.00	0.15	0.02	0.53	0.51	0.93	0.24
x40	0.00	0.12	0.01	0.51	0.30	0.60	0.19
x41	0.00	0.01	0.04	0.14	0.15	0.21	0.07
x42	0.00	0.10	0.00	0.30	0.93	0.40	0.27
x43	0.00	0.13	0.02	0.16	0.02	0.85	0.07
x44	0.00	0.38	0.00	0.70	0.37	1.00	0.29
x45	0.00	0.96	0.01	0.88	0.36	0.90	0.44
x46	0.00	0.65	0.01	0.95	0.15	0.37	0.35
x47	0.00	0.78	0.01	0.93	0.04	0.72	0.35
48
	Lasso		Lin		RF		RFE		Ridge		p_val		Mean
x0	0.00	0.04	0.37	0.47	0.22	0.48	0.22
x1	0.00	0.07	0.69	0.53	0.54	0.22	0.37
x2	0.00	0.05	0.47	0.51	0.49	0.41	0.30
x3	0.00	0.00	0.37	0.00	0.05	0.96	0.08
x4	0.00	0.14	1.00	0.63	1.00	0.02	0.55
x5	0.00	0.01	0.39	0.09	0.04	0.66	0.11
x6	0.00	0.20	0.14	0.65	0.63	0.05	0.32
x7	0.00	0.70	0.40	0.95	0.18	0.05	0.45
x8	0.00	0.26	0.37	0.88	0.31	0.53	0.36
x9	0.00	0.19	0.12	0.23	0.30	0.26	0.17
x10	0.00	0.50	0.28	0.93	0.16	0.71	0.37
x11	0.00	0.00	0.25	0.07	0.14	0.03	0.09
x12	0.00	0.00	0.44	0.05	0.01	0.25	0.10
x13	0.00	0.03	0.40	0.35	0.23	0.09	0.20
x14	0.00	0.02	0.22	0.26	0.21	0.32	0.14
x15	0.00	0.02	0.07	0.30	0.18	0.28	0.11
x16	0.00	0.01	0.34	0.14	0.15	0.09	0.13
x17	0.00	0.03	0.29	0.37	0.23	0.40	0.18
x18	0.00	0.03	0.22	0.40	0.24	0.15	0.18
x19	0.00	0.55	0.09	1.00	0.24	0.49	0.38
x20	0.00	0.11	0.22	0.58	0.27	0.27	0.24
x21	0.00	0.41	0.56	1.00	0.24	0.72	0.44
x22	0.00	0.28	0.06	0.91	0.04	0.01	0.26
x23	0.00	0.71	0.30	1.00	0.47	0.15	0.50
x24	0.00	0.41	0.06	0.86	0.12	1.00	0.29
x25	0.00	0.01	0.16	0.16	0.01	0.24	0.07
x26	0.00	0.32	0.16	0.79	0.27	0.29	0.31
x27	0.00	0.33	0.07	0.70	0.07	0.49	0.23
x28	0.00	0.31	0.10	0.74	0.41	0.30	0.31
x29	0.00	0.06	0.13	0.33	0.25	0.29	0.15
x30	0.66	0.00	0.13	0.02	0.14	0.02	0.19
x31	0.00	0.05	0.16	0.56	0.15	0.34	0.18
x32	0.11	0.02	0.17	0.19	0.04	0.21	0.11
x33	0.08	0.02	0.05	0.21	0.09	0.42	0.09
x34	1.00	0.01	0.09	0.12	0.16	0.00	0.28
x35	0.61	0.03	0.34	0.42	0.21	0.04	0.32
x36	0.00	0.23	0.22	0.84	0.18	0.94	0.29
x37	0.00	0.21	0.10	0.77	0.10	0.36	0.24
x38	0.00	0.34	0.00	0.81	0.03	0.23	0.24
x39	0.00	0.22	0.26	0.67	0.25	0.39	0.28
x40	0.00	0.26	0.10	0.72	0.11	0.79	0.24
x41	0.00	0.02	0.18	0.44	0.25	0.18	0.18
x42	0.00	0.10	0.08	0.49	0.07	0.79	0.15
x43	0.00	0.87	0.15	0.98	0.32	0.22	0.46
x44	0.00	0.15	0.19	0.28	0.00	0.35	0.12
x45	0.00	0.19	0.11	0.60	0.04	0.30	0.19
x46	0.00	1.00	0.06	1.00	0.28	0.08	0.47
x47	0.00	0.51	0.13	1.00	0.38	0.72	0.40
48
	Lasso		Lin		RF		RFE		Ridge		p_val		Mean
x0	0.61	0.11	0.14	0.79	0.61	0.00	0.45
x1	0.38	0.10	0.09	0.77	0.63	0.00	0.39
x2	0.24	0.07	0.16	0.47	0.44	0.00	0.28
x3	0.62	0.07	0.39	0.44	0.39	0.00	0.38
x4	1.00	0.09	1.00	0.53	0.54	0.00	0.63
x5	0.75	0.05	0.27	0.30	0.38	0.00	0.35
x6	0.00	0.07	0.08	0.51	0.40	0.00	0.21
x7	0.00	0.12	0.03	0.65	0.03	0.00	0.17
x8	0.00	0.14	0.05	0.67	0.05	0.00	0.18
x9	0.00	0.11	0.03	0.70	0.05	0.00	0.18
x10	0.00	0.16	0.02	0.40	0.23	0.00	0.16
x11	0.00	0.13	0.09	0.37	0.21	0.01	0.16
x12	0.00	0.02	0.13	0.35	0.24	0.00	0.15
x13	0.01	0.11	0.15	0.60	0.47	0.00	0.27
x14	0.00	0.12	0.15	0.72	0.55	0.00	0.31
x15	0.00	0.21	0.12	0.84	0.84	0.00	0.40
x16	0.00	0.08	0.09	0.49	0.10	0.00	0.15
x17	0.33	0.24	0.85	0.86	1.00	0.00	0.66
x18	0.00	0.16	0.04	0.74	0.03	0.00	0.19
x19	0.00	0.88	0.06	1.00	0.24	0.00	0.44
x20	0.00	0.45	0.07	1.00	0.09	0.01	0.32
x21	0.00	0.49	0.10	1.00	0.10	0.00	0.34
x22	0.00	0.09	0.04	0.42	0.26	0.00	0.16
x23	0.00	0.82	0.03	0.95	0.28	0.02	0.42
x24	0.00	0.11	0.08	0.91	0.21	0.03	0.26
x25	0.00	0.03	0.04	0.21	0.07	0.11	0.07
x26	0.00	0.08	0.04	0.26	0.04	0.17	0.08
x27	0.00	0.11	0.01	0.58	0.16	0.04	0.17
x28	0.00	0.09	0.00	0.28	0.02	0.19	0.08
x29	0.00	0.01	0.02	0.14	0.12	0.08	0.06
x30	0.17	0.01	0.02	0.16	0.07	0.00	0.09
x31	0.12	0.00	0.04	0.02	0.00	0.02	0.04
x32	0.07	0.01	0.03	0.07	0.02	0.08	0.04
x33	0.08	0.01	0.01	0.12	0.01	0.01	0.05
x34	0.05	0.01	0.05	0.05	0.00	0.12	0.03
x35	0.09	0.00	0.03	0.00	0.02	0.08	0.03
x36	0.00	0.11	0.00	0.88	0.31	0.50	0.26
x37	0.00	0.01	0.06	0.09	0.15	1.00	0.06
x38	0.00	0.03	0.05	0.23	0.02	0.71	0.07
x39	0.00	0.07	0.02	0.56	0.11	0.61	0.15
x40	0.00	0.20	0.07	0.81	0.51	0.72	0.32
x41	0.00	0.08	0.06	0.33	0.24	0.81	0.14
x42	0.00	0.05	0.02	0.19	0.21	0.08	0.09
x43	0.00	0.04	0.03	0.63	0.13	0.65	0.17
x44	0.00	0.65	0.02	1.00	0.23	0.14	0.38
x45	0.00	0.38	0.04	0.93	0.13	0.35	0.30
x46	0.00	0.79	0.01	1.00	0.07	0.57	0.37
x47	0.00	1.00	0.01	0.98	0.20	0.65	0.44
48
	Lasso		Lin		RF		RFE		Ridge		p_val		Mean
x0	0.00	0.06	0.11	0.74	1.00	0.00	0.38
x1	0.00	0.05	0.37	0.51	0.84	0.00	0.35
x2	0.00	0.07	0.31	0.56	0.81	0.00	0.35
x3	0.00	0.03	0.33	0.28	0.58	0.00	0.24
x4	0.00	0.05	0.15	0.60	0.69	0.01	0.30
x5	0.00	0.01	0.05	0.14	0.40	0.00	0.12
x6	0.00	0.13	0.36	0.58	0.00	0.30	0.21
x7	0.00	0.25	0.06	1.00	0.23	1.00	0.31
x8	0.00	0.70	0.07	1.00	0.27	0.05	0.41
x9	0.00	0.61	0.36	1.00	0.42	0.00	0.48
x10	0.00	0.29	0.12	0.91	0.93	0.17	0.45
x11	0.00	0.08	0.18	0.81	0.11	0.60	0.24
x12	0.00	0.00	0.06	0.05	0.08	0.48	0.04
x13	0.00	0.00	0.04	0.09	0.09	0.37	0.04
x14	0.00	0.00	0.02	0.00	0.04	0.82	0.01
x15	0.00	0.00	0.08	0.07	0.09	0.35	0.05
x16	0.00	0.15	0.16	0.65	0.74	0.00	0.34
x17	0.00	0.00	0.00	0.02	0.10	0.20	0.02
x18	0.00	0.09	0.62	0.72	0.09	0.48	0.30
x19	0.00	0.19	0.08	1.00	0.27	0.11	0.31
x20	0.00	0.10	0.56	0.42	0.41	0.26	0.30
x21	0.00	0.35	1.00	0.84	0.62	0.38	0.56
x22	0.00	0.03	0.54	0.21	0.04	0.59	0.16
x23	0.00	0.48	0.12	0.95	0.07	0.77	0.32
x24	0.00	0.11	0.03	0.79	0.58	0.00	0.30
x25	0.00	0.26	0.03	0.70	0.67	0.80	0.33
x26	0.00	0.05	0.01	0.26	0.56	0.04	0.18
x27	0.00	0.13	0.06	0.35	0.42	0.04	0.19
x28	0.00	0.03	0.00	0.16	0.12	0.59	0.06
x29	0.00	0.06	0.04	0.44	0.34	0.19	0.18
x30	0.00	0.05	0.08	0.40	0.27	0.37	0.16
x31	0.00	0.05	0.06	0.33	0.41	0.02	0.17
x32	1.00	0.04	0.24	0.30	0.24	0.35	0.36
x33	0.43	0.02	0.17	0.23	0.22	0.59	0.21
x34	0.00	0.02	0.01	0.19	0.27	0.10	0.10
x35	0.00	0.01	0.02	0.12	0.07	0.90	0.04
x36	0.00	0.07	0.09	0.77	0.09	0.07	0.20
x37	0.00	0.13	0.03	0.67	0.24	0.06	0.21
x38	0.00	0.08	0.00	0.49	0.13	0.38	0.14
x39	0.00	0.14	0.05	0.37	0.04	0.87	0.12
x40	0.00	0.04	0.01	0.63	0.43	0.33	0.22
x41	0.00	0.08	0.05	0.47	0.00	1.00	0.12
x42	0.00	0.31	0.18	0.98	0.29	0.13	0.35
x43	0.00	0.27	0.02	1.00	0.08	0.27	0.27
x44	0.00	1.00	0.04	0.53	0.23	0.29	0.36
x45	0.00	0.98	0.27	0.86	0.24	0.89	0.47
x46	0.00	0.66	0.02	0.88	0.58	0.37	0.43
x47	0.00	0.65	0.10	0.93	0.07	0.72	0.35
48
	Lasso		Lin		RF		RFE		Ridge		p_val		Mean
x0	0.00	0.05	0.44	0.79	0.49	0.00	0.35
x1	0.00	0.02	0.12	0.44	0.24	0.00	0.16
x2	0.00	0.06	1.00	0.74	0.60	0.00	0.48
x3	0.00	0.04	0.32	0.60	0.33	0.08	0.26
x4	0.00	0.06	0.35	0.77	0.55	0.00	0.35
x5	0.00	0.04	0.38	0.72	0.41	0.00	0.31
x6	0.00	0.02	0.11	0.47	0.21	0.92	0.16
x7	0.00	0.03	0.11	0.56	0.03	0.66	0.15
x8	0.00	0.57	0.13	1.00	0.22	0.28	0.38
x9	0.00	0.60	0.18	1.00	0.05	0.51	0.37
x10	0.00	0.58	0.02	0.98	0.23	0.08	0.36
x11	0.00	0.08	0.02	0.58	0.12	0.27	0.16
x12	0.00	0.02	0.07	0.26	0.14	0.93	0.10
x13	0.00	0.01	0.21	0.30	0.10	0.61	0.12
x14	0.00	0.00	0.16	0.07	0.06	0.60	0.06
x15	0.00	0.02	0.15	0.42	0.09	0.28	0.14
x16	0.00	0.01	0.01	0.21	0.10	0.71	0.07
x17	0.00	0.01	0.90	0.12	0.06	0.97	0.22
x18	0.00	0.01	0.07	0.19	0.14	0.32	0.08
x19	0.00	0.44	0.15	1.00	0.06	0.15	0.33
x20	0.00	1.00	0.09	1.00	0.35	0.61	0.49
x21	0.00	0.26	0.07	0.95	0.22	0.09	0.30
x22	0.00	0.50	0.16	0.93	0.02	0.33	0.32
x23	0.00	0.05	0.20	0.40	0.18	0.37	0.17
x24	0.00	0.07	0.06	0.33	0.45	0.21	0.18
x25	0.00	0.24	0.04	0.84	1.00	0.03	0.42
x26	0.00	0.09	0.09	0.70	0.89	0.19	0.35
x27	0.00	0.01	0.04	0.16	0.09	0.24	0.06
x28	0.00	0.06	0.01	0.67	0.26	0.64	0.20
x29	0.00	0.15	0.01	0.88	0.67	0.38	0.34
x30	0.00	0.01	0.07	0.37	0.10	0.63	0.11
x31	1.00	0.01	0.06	0.09	0.07	0.08	0.25
x32	0.16	0.00	0.05	0.02	0.03	0.38	0.05
x33	0.51	0.00	0.02	0.00	0.00	0.23	0.11
x34	0.37	0.01	0.02	0.14	0.06	0.35	0.12
x35	0.64	0.00	0.02	0.05	0.05	0.19	0.15
x36	0.00	0.03	0.02	0.35	0.08	0.55	0.10
x37	0.00	0.10	0.11	0.81	0.23	0.38	0.25
x38	0.00	0.03	0.13	0.23	0.22	0.79	0.12
x39	0.00	0.10	0.04	0.63	0.40	0.59	0.23
x40	0.00	0.08	0.05	0.65	0.14	0.60	0.18
x41	0.00	0.09	0.05	0.86	0.26	0.69	0.25
x42	0.00	0.08	0.06	0.53	0.73	0.43	0.28
x43	0.00	0.11	0.06	0.49	0.24	0.30	0.18
x44	0.00	0.04	0.07	0.28	0.35	0.36	0.15
x45	0.00	0.36	0.00	1.00	0.09	0.30	0.29
x46	0.00	0.59	0.02	0.91	0.33	0.69	0.37
x47	0.00	0.11	0.01	0.51	0.19	1.00	0.16
48
	Lasso		Lin		RF		RFE		Ridge		p_val		Mean
x0	0.90	0.05	0.45	0.70	0.50	0.00	0.52
x1	0.00	0.03	0.22	0.35	0.29	0.02	0.18
x2	0.00	0.03	1.00	0.33	0.29	0.00	0.33
x3	0.00	0.05	0.41	0.51	0.34	0.09	0.26
x4	0.52	0.05	0.19	0.67	0.50	0.00	0.39
x5	0.63	0.03	1.00	0.28	0.33	0.00	0.45
x6	0.00	0.05	0.22	0.44	0.16	0.50	0.17
x7	0.00	0.05	0.55	0.40	0.04	0.12	0.21
x8	0.00	0.07	0.30	0.63	0.13	0.08	0.23
x9	0.00	0.08	0.42	0.65	0.27	0.16	0.28
x10	0.00	0.07	0.90	0.60	0.07	0.35	0.33
x11	0.00	0.03	0.42	0.37	0.02	0.84	0.17
x12	1.00	0.06	0.46	0.23	0.35	0.00	0.42
x13	0.00	0.04	0.16	0.47	0.31	0.09	0.20
x14	0.00	0.06	0.54	0.74	0.36	0.35	0.34
x15	0.00	0.07	0.46	0.86	0.51	0.01	0.38
x16	0.00	0.03	0.48	0.26	0.02	0.16	0.16
x17	0.00	0.16	0.38	0.98	1.00	0.00	0.50
x18	0.00	0.68	0.14	1.00	0.25	0.02	0.41
x19	0.00	0.28	0.47	1.00	0.27	0.07	0.40
x20	0.00	0.73	0.09	1.00	0.15	0.98	0.39
x21	0.00	0.11	0.11	0.30	0.01	0.20	0.11
x22	0.00	0.06	0.43	0.88	0.29	0.99	0.33
x23	0.00	0.53	0.82	0.91	0.27	0.88	0.51
x24	0.00	0.05	0.16	0.21	0.13	0.05	0.11
x25	0.00	0.04	0.02	0.72	0.22	0.64	0.20
x26	0.00	0.04	0.12	0.49	0.46	0.43	0.22
x27	0.00	0.14	0.03	0.84	0.89	0.57	0.38
x28	0.00	0.08	0.08	0.58	0.18	1.00	0.18
x29	0.00	0.07	0.22	0.95	0.11	0.12	0.27
x30	0.13	0.00	0.05	0.05	0.03	0.24	0.05
x31	0.00	0.00	0.22	0.12	0.03	0.86	0.07
x32	0.00	0.00	0.07	0.00	0.00	0.90	0.01
x33	0.14	0.00	0.04	0.02	0.00	0.20	0.04
x34	0.28	0.00	0.16	0.09	0.05	0.12	0.12
x35	0.18	0.01	0.07	0.14	0.03	0.26	0.09
x36	0.00	0.01	0.32	0.07	0.05	0.30	0.09
x37	0.00	0.01	0.16	0.16	0.12	0.17	0.09
x38	0.00	0.04	0.04	0.77	0.45	0.80	0.26
x39	0.00	0.11	0.33	0.53	0.65	0.58	0.32
x40	0.00	0.09	0.09	0.56	0.33	0.54	0.21
x41	0.00	0.02	0.06	0.19	0.23	0.58	0.10
x42	0.00	0.07	0.09	0.42	0.31	0.05	0.18
x43	0.00	0.74	0.36	1.00	0.09	0.55	0.44
x44	0.00	1.00	0.00	1.00	0.30	0.19	0.46
x45	0.00	0.41	0.23	0.81	0.06	0.38	0.30
x46	0.00	0.56	0.14	0.79	0.12	0.18	0.32
x47	0.00	0.63	0.30	0.93	0.20	0.96	0.41
48
	Lasso		Lin		RF		RFE		Ridge		p_val		Mean
x0	0.00	0.06	0.05	0.47	0.31	0.00	0.18
x1	1.00	0.11	0.04	0.58	0.53	0.00	0.45
x2	0.00	0.13	1.00	0.72	0.58	0.00	0.49
x3	0.28	0.15	0.03	0.60	0.52	0.00	0.32
x4	0.77	0.13	0.70	0.74	0.64	0.00	0.60
x5	0.57	0.07	0.06	0.49	0.38	0.00	0.31
x6	0.00	0.17	0.10	0.70	0.41	0.04	0.28
x7	0.00	0.00	0.00	0.00	0.10	0.01	0.02
x8	0.00	0.88	0.01	1.00	0.10	0.07	0.40
x9	0.00	0.85	0.02	0.98	0.32	0.11	0.43
x10	0.00	0.77	0.01	1.00	0.28	0.37	0.41
x11	0.00	0.44	0.00	0.86	0.31	0.00	0.32
x12	0.00	0.01	0.00	0.07	0.02	0.05	0.02
x13	0.00	0.01	0.00	0.12	0.05	0.27	0.04
x14	0.00	0.00	0.00	0.02	0.04	0.12	0.01
x15	0.00	0.01	0.00	0.16	0.05	0.66	0.04
x16	0.00	0.05	0.00	0.19	0.54	0.00	0.16
x17	0.00	0.01	0.00	0.09	0.05	0.47	0.03
x18	0.00	0.33	0.01	0.84	0.06	0.05	0.25
x19	0.00	0.48	0.01	0.51	0.00	0.02	0.20
x20	0.00	0.91	0.01	0.95	0.16	0.61	0.41
x21	0.00	0.43	0.00	1.00	0.26	0.79	0.34
x22	0.00	0.48	0.00	0.88	0.11	0.00	0.29
x23	0.00	0.62	0.00	0.81	0.05	0.01	0.30
x24	0.00	0.22	0.00	0.37	0.45	0.00	0.21
x25	0.00	0.52	0.00	0.93	0.93	0.00	0.48
x26	0.00	0.44	0.02	0.65	1.00	0.10	0.42
x27	0.00	0.01	0.02	0.14	0.17	0.00	0.07
x28	0.00	0.15	0.01	0.67	0.34	0.14	0.23
x29	0.00	0.11	0.00	0.42	0.27	0.32	0.16
x30	0.44	0.03	0.01	0.33	0.13	0.01	0.19
x31	0.40	0.00	0.00	0.05	0.05	0.00	0.10
x32	0.00	0.02	0.00	0.26	0.11	0.72	0.08
x33	0.01	0.02	0.00	0.30	0.08	0.78	0.08
x34	0.47	0.01	0.02	0.23	0.06	0.00	0.16
x35	0.30	0.01	0.00	0.21	0.05	0.01	0.11
x36	0.00	0.17	0.01	0.35	0.32	0.05	0.17
x37	0.00	0.22	0.01	0.91	0.35	0.66	0.30
x38	0.00	0.05	0.00	0.28	0.38	0.95	0.14
x39	0.00	0.29	0.02	0.63	0.52	1.00	0.29
x40	0.00	0.14	0.00	0.53	0.04	0.24	0.14
x41	0.00	0.22	0.00	0.56	0.11	0.21	0.18
x42	0.00	0.11	0.00	0.40	0.67	0.30	0.24
x43	0.00	0.47	0.00	0.44	0.10	0.67	0.20
x44	0.00	1.00	0.02	1.00	0.25	0.30	0.45
x45	0.00	0.69	0.00	1.00	0.03	0.88	0.34
x46	0.00	0.76	0.01	0.79	0.34	0.24	0.38
x47	0.00	0.73	0.00	0.77	0.14	0.70	0.33
48
	Lasso		Lin		RF		RFE		Ridge		p_val		Mean
x0	0.91	0.11	1.00	0.86	0.70	0.00	0.72
x1	0.03	0.11	0.13	0.79	0.62	0.00	0.34
x2	0.74	0.13	0.48	0.88	0.69	0.00	0.58
x3	1.00	0.13	0.39	0.84	0.73	0.00	0.62
x4	0.71	0.10	0.46	0.81	0.62	0.00	0.54
x5	0.76	0.10	0.54	0.70	0.62	0.00	0.54
x6	0.00	0.01	0.05	0.26	0.12	0.46	0.09
x7	0.00	0.05	0.01	0.49	0.08	0.10	0.13
x8	0.00	0.06	0.05	0.47	0.10	0.02	0.14
x9	0.00	0.01	0.02	0.35	0.31	0.94	0.14
x10	0.00	0.00	0.07	0.05	0.13	0.01	0.05
x11	0.00	0.08	0.03	0.40	0.08	0.55	0.12
x12	0.00	0.00	0.11	0.00	0.04	0.19	0.03
x13	0.00	0.01	0.05	0.30	0.05	0.31	0.08
x14	0.00	0.01	0.34	0.28	0.10	0.04	0.15
x15	0.00	0.01	0.20	0.23	0.01	0.02	0.09
x16	0.00	0.00	0.07	0.09	0.01	0.94	0.03
x17	0.00	0.01	0.68	0.21	0.09	0.03	0.20
x18	0.00	0.02	0.06	0.33	0.09	0.97	0.10
x19	0.00	1.00	0.06	1.00	0.35	0.00	0.48
x20	0.00	0.46	0.03	1.00	0.16	0.66	0.33
x21	0.00	0.14	0.08	0.63	0.16	0.01	0.20
x22	0.00	0.16	0.10	0.74	0.36	0.42	0.27
x23	0.00	0.16	0.05	0.72	0.31	0.63	0.25
x24	0.00	0.21	0.20	0.93	0.58	0.04	0.38
x25	0.00	0.22	0.12	0.67	0.73	0.15	0.35
x26	0.00	0.22	0.04	0.98	0.76	0.06	0.40
x27	0.00	0.07	0.05	0.60	0.39	0.10	0.22
x28	0.00	0.06	0.01	0.56	0.15	0.60	0.16
x29	0.00	0.40	0.25	1.00	1.00	0.01	0.53
x30	0.05	0.00	0.01	0.02	0.01	0.11	0.02
x31	0.08	0.00	0.08	0.14	0.01	0.07	0.06
x32	0.01	0.00	0.01	0.16	0.02	0.39	0.04
x33	0.04	0.00	0.07	0.07	0.00	0.06	0.04
x34	0.02	0.00	0.04	0.12	0.03	0.45	0.04
x35	0.00	0.00	0.02	0.19	0.01	1.00	0.04
x36	0.00	0.12	0.08	0.91	0.24	0.55	0.27
x37	0.00	0.08	0.04	0.65	0.18	0.82	0.19
x38	0.00	0.08	0.12	0.95	0.22	0.85	0.27
x39	0.00	0.03	0.16	0.44	0.08	0.89	0.14
x40	0.00	0.10	0.11	0.58	0.30	0.48	0.22
x41	0.00	0.21	0.24	1.00	0.23	0.61	0.34
x42	0.00	0.03	0.02	0.42	0.06	0.20	0.11
x43	0.00	0.07	0.01	0.51	0.09	0.89	0.14
x44	0.00	0.72	0.00	1.00	0.05	0.14	0.35
x45	0.00	0.17	0.00	0.37	0.02	0.17	0.11
x46	0.00	0.20	0.03	0.53	0.04	0.09	0.16
x47	0.00	0.32	0.02	0.77	0.20	0.96	0.26
48
	Lasso		Lin		RF		RFE		Ridge		p_val		Mean
x0	0.00	0.06	0.16	0.65	0.77	0.00	0.33
x1	0.00	0.06	0.39	0.70	1.00	0.00	0.43
x2	0.00	0.03	0.19	0.40	0.52	0.00	0.23
x3	0.00	0.06	0.29	0.53	0.85	0.00	0.35
x4	0.00	0.05	0.73	0.44	0.85	0.00	0.41
x5	0.00	0.05	0.29	0.58	0.89	0.00	0.36
x6	0.00	0.00	0.13	0.21	0.10	0.10	0.09
x7	0.00	0.20	0.10	0.60	0.21	0.07	0.22
x8	0.00	0.21	0.35	1.00	0.52	0.79	0.42
x9	0.00	0.42	0.18	0.88	0.41	0.31	0.38
x10	0.00	0.42	0.09	0.91	0.48	0.19	0.38
x11	0.00	0.01	0.16	0.16	0.28	0.05	0.12
x12	0.00	0.00	0.00	0.12	0.02	0.15	0.03
x13	0.00	0.00	0.21	0.02	0.00	0.58	0.05
x14	0.00	0.00	0.10	0.07	0.08	0.37	0.05
x15	0.00	0.00	0.04	0.14	0.05	0.80	0.05
x16	0.05	0.00	0.17	0.19	0.14	0.02	0.11
x17	0.00	0.00	0.12	0.05	0.02	0.49	0.04
x18	0.00	0.00	0.19	0.09	0.08	0.16	0.07
x19	0.00	0.28	0.06	1.00	0.55	0.68	0.38
x20	0.00	0.12	1.00	0.51	0.26	1.00	0.38
x21	0.00	0.40	0.17	1.00	0.41	0.42	0.40
x22	0.00	0.27	0.13	0.86	0.16	0.02	0.28
x23	0.00	0.55	0.09	0.98	0.21	0.15	0.37
x24	0.00	0.28	0.08	0.84	0.78	0.00	0.40
x25	0.00	0.10	0.13	0.47	0.60	0.25	0.26
x26	0.00	0.09	0.02	0.67	0.42	0.62	0.24
x27	0.00	0.10	0.02	0.79	0.62	0.01	0.31
x28	0.00	0.02	0.20	0.35	0.53	0.15	0.22
x29	0.00	0.09	0.01	0.74	0.37	0.93	0.24
x30	0.74	0.01	0.05	0.23	0.12	0.01	0.23
x31	0.25	0.03	0.03	0.42	0.26	0.05	0.20
x32	0.07	0.00	0.01	0.00	0.01	0.33	0.02
x33	0.00	0.01	0.08	0.33	0.13	0.79	0.11
x34	1.00	0.01	0.04	0.30	0.12	0.00	0.29
x35	0.55	0.01	0.05	0.28	0.11	0.04	0.20
x36	0.00	0.16	0.05	0.81	0.18	0.08	0.24
x37	0.00	0.01	0.05	0.37	0.22	0.51	0.13
x38	0.00	0.11	0.01	0.49	0.24	0.29	0.17
x39	0.00	0.04	0.06	0.77	0.13	0.09	0.20
x40	0.00	0.00	0.11	0.26	0.09	0.62	0.09
x41	0.00	0.08	0.02	0.72	0.24	0.13	0.21
x42	0.00	0.03	0.02	0.56	0.26	0.89	0.17
x43	0.00	0.25	0.06	0.63	0.27	0.30	0.24
x44	0.00	0.47	0.04	1.00	0.28	0.96	0.36
x45	0.00	1.00	0.18	1.00	0.29	0.61	0.49
x46	0.00	0.91	0.06	0.93	0.29	0.16	0.44
x47	0.00	0.59	0.02	0.95	0.08	0.65	0.33
48
	Lasso		Lin		RF		RFE		Ridge		p_val		Mean
x0	0.72	0.07	0.17	0.56	0.64	0.00	0.43
x1	0.77	0.11	0.48	0.79	0.98	0.00	0.63
x2	0.91	0.10	0.43	0.74	0.86	0.00	0.61
x3	1.00	0.07	0.21	0.63	0.65	0.00	0.51
x4	0.82	0.05	0.57	0.53	0.60	0.00	0.51
x5	0.83	0.06	0.34	0.72	0.64	0.00	0.52
x6	0.00	0.05	0.00	0.40	0.24	0.01	0.14
x7	0.00	0.09	0.00	0.44	0.12	0.00	0.13
x8	0.00	0.09	0.03	0.42	0.11	0.00	0.13
x9	0.00	0.12	0.00	0.47	0.26	0.01	0.17
x10	0.00	0.07	0.00	0.30	0.02	0.71	0.08
x11	0.00	0.11	0.00	0.33	0.13	0.02	0.11
x12	0.00	0.00	1.00	0.07	0.02	0.00	0.22
x13	0.00	0.00	0.00	0.16	0.00	0.16	0.03
x14	0.00	0.00	0.03	0.14	0.06	0.01	0.05
x15	0.00	0.00	0.48	0.05	0.01	0.05	0.11
x16	0.00	0.07	0.06	0.51	0.65	0.00	0.26
x17	0.00	0.00	0.18	0.09	0.00	0.68	0.05
x18	0.00	0.74	0.03	1.00	0.04	0.00	0.36
x19	0.00	0.18	0.00	0.67	0.08	0.00	0.19
x20	0.00	0.61	0.00	1.00	0.15	0.80	0.35
x21	0.00	0.48	0.04	0.84	0.09	1.00	0.29
x22	0.00	0.04	0.01	0.37	0.17	0.01	0.12
x23	0.00	0.87	0.00	0.77	0.23	0.03	0.37
x24	0.00	0.24	0.05	0.95	0.89	0.00	0.43
x25	0.00	0.18	0.03	0.91	0.85	0.11	0.39
x26	0.00	0.13	0.06	0.65	0.81	0.02	0.33
x27	0.00	0.08	0.09	0.60	0.60	0.00	0.27
x28	0.00	0.06	0.01	0.49	0.07	0.15	0.13
x29	0.00	0.26	0.15	1.00	1.00	0.02	0.48
x30	0.11	0.01	0.01	0.28	0.08	0.00	0.10
x31	0.09	0.00	0.00	0.12	0.01	0.01	0.04
x32	0.00	0.01	0.01	0.26	0.02	0.95	0.06
x33	0.00	0.00	0.00	0.02	0.02	0.50	0.01
x34	0.03	0.01	0.01	0.21	0.01	0.07	0.05
x35	0.05	0.00	0.00	0.00	0.02	0.10	0.01
x36	0.00	0.16	0.03	0.93	0.35	0.08	0.29
x37	0.00	0.08	0.00	0.88	0.20	0.39	0.23
x38	0.00	0.02	0.01	0.35	0.11	0.95	0.10
x39	0.00	0.01	0.01	0.19	0.05	0.43	0.05
x40	0.00	0.06	0.00	0.58	0.15	0.38	0.16
x41	0.00	0.13	0.12	0.98	0.04	0.95	0.25
x42	0.00	0.01	0.00	0.23	0.26	0.10	0.10
x43	0.00	0.74	0.02	1.00	0.17	0.78	0.39
x44	0.00	0.74	0.00	1.00	0.14	0.13	0.38
x45	0.00	0.27	0.00	0.70	0.07	0.81	0.21
x46	0.00	0.84	0.00	0.86	0.16	0.66	0.37
x47	0.00	1.00	0.01	0.81	0.28	0.68	0.42
