72
	Lasso		Lin		RF		RFE		Ridge		p_val		Mean
x0	0.00	0.02	0.42	0.66	0.65	0.01	0.35
x1	0.52	0.03	0.49	0.60	1.00	0.00	0.53
x2	0.00	0.00	0.47	0.09	0.17	0.08	0.15
x3	0.00	0.00	0.02	0.16	0.01	0.14	0.04
x4	0.00	0.02	0.23	0.58	0.72	0.00	0.31
x5	0.00	0.00	0.55	0.15	0.34	0.01	0.21
x6	0.00	0.00	0.23	0.04	0.21	0.01	0.10
x7	0.00	0.01	1.00	0.30	0.40	0.00	0.34
x8	0.00	0.02	0.70	0.45	0.77	0.00	0.39
x9	0.00	0.50	0.08	1.00	0.26	0.15	0.37
x10	0.00	0.66	0.08	0.99	0.36	0.14	0.42
x11	0.00	0.38	0.08	0.85	0.56	0.02	0.37
x12	0.00	0.21	0.13	0.84	0.09	0.02	0.25
x13	0.00	0.14	0.05	0.82	0.03	0.04	0.21
x14	0.00	0.13	0.01	0.81	0.34	0.01	0.26
x15	0.00	0.06	0.00	0.73	0.03	0.10	0.16
x16	0.00	0.15	0.01	0.75	0.48	0.03	0.28
x17	0.00	0.03	0.21	0.42	0.32	0.08	0.20
x18	0.00	0.05	0.09	0.64	0.07	0.30	0.17
x19	0.00	0.02	0.03	0.61	0.11	0.00	0.15
x20	0.05	0.01	0.08	0.18	0.05	0.13	0.07
x21	0.00	0.02	0.05	0.40	0.02	0.06	0.10
x22	0.00	0.03	0.05	0.43	0.04	0.00	0.11
x23	0.00	0.06	0.09	0.52	0.05	0.11	0.14
x24	1.00	0.03	0.06	0.25	0.36	0.00	0.34
x25	0.00	0.00	0.07	0.01	0.20	0.00	0.06
x26	0.00	0.13	0.07	0.79	0.28	0.16	0.25
x27	0.00	0.02	0.02	0.51	0.33	0.77	0.18
x28	0.00	0.44	0.05	0.87	0.04	0.00	0.28
x29	0.00	0.39	0.01	1.00	0.00	0.05	0.28
x30	0.00	0.02	0.03	0.49	0.09	0.03	0.13
x31	0.00	0.12	0.12	0.27	0.24	0.01	0.15
x32	0.00	0.24	0.04	0.76	0.16	0.03	0.24
x33	0.00	0.50	0.08	0.88	0.01	0.01	0.29
x34	0.00	0.40	0.00	0.97	0.09	0.11	0.29
x35	0.00	0.07	0.02	0.72	0.10	0.03	0.18
x36	0.00	0.01	0.00	0.31	0.03	0.88	0.07
x37	0.00	0.00	0.00	0.13	0.13	0.04	0.05
x38	0.00	0.04	0.03	0.39	0.25	0.36	0.14
x39	0.00	0.05	0.01	0.54	0.44	0.47	0.21
x40	0.00	0.04	0.10	0.57	0.71	0.02	0.28
x41	0.00	0.01	0.00	0.07	0.07	0.82	0.03
x42	0.00	0.01	0.00	0.28	0.02	0.01	0.06
x43	0.00	0.03	0.09	0.70	0.25	0.54	0.21
x44	0.00	0.14	0.01	0.78	0.00	0.81	0.19
x45	0.54	0.02	0.04	0.46	0.26	0.21	0.26
x46	0.67	0.01	0.01	0.24	0.13	0.00	0.21
x47	0.35	0.01	0.00	0.12	0.11	0.13	0.12
x48	0.44	0.00	0.00	0.00	0.10	0.04	0.11
x49	0.78	0.00	0.01	0.03	0.10	0.01	0.18
x50	0.55	0.01	0.00	0.21	0.17	0.03	0.19
x51	0.78	0.00	0.00	0.06	0.19	0.01	0.21
x52	0.75	0.01	0.00	0.34	0.40	0.16	0.30
x53	0.68	0.01	0.03	0.22	0.14	0.01	0.22
x54	0.00	0.00	0.03	0.10	0.10	0.46	0.05
x55	0.00	0.05	0.04	0.63	0.34	0.19	0.21
x56	0.00	0.01	0.02	0.19	0.18	0.52	0.08
x57	0.00	0.01	0.09	0.36	0.09	0.48	0.11
x58	0.00	0.03	0.00	0.37	0.24	0.15	0.13
x59	0.00	0.09	0.01	0.55	0.47	0.10	0.22
x60	0.00	0.01	0.03	0.48	0.18	0.03	0.14
x61	0.00	0.05	0.06	0.69	0.01	0.13	0.16
x62	0.00	0.01	0.03	0.33	0.24	0.35	0.12
x63	0.00	0.57	0.01	1.00	0.61	0.11	0.44
x64	0.00	1.00	0.05	1.00	0.19	0.01	0.45
x65	0.00	0.86	0.04	1.00	0.15	0.30	0.41
x66	0.00	0.60	0.01	0.90	0.25	0.71	0.35
x67	0.00	0.78	0.03	0.91	0.15	0.93	0.37
x68	0.00	0.57	0.00	0.93	0.40	0.78	0.38
x69	0.00	0.83	0.00	0.94	0.03	1.00	0.36
x70	0.00	0.47	0.00	0.96	0.12	0.17	0.31
x71	0.00	0.08	0.01	0.67	0.12	0.27	0.18
72
	Lasso		Lin		RF		RFE		Ridge		p_val		Mean
x0	0.00	0.09	0.54	0.63	1.00	0.17	0.45
x1	0.00	0.10	0.57	0.51	0.91	0.42	0.42
x2	0.00	0.04	0.18	0.39	0.93	0.10	0.31
x3	0.00	0.04	0.36	0.43	0.58	0.45	0.28
x4	0.00	0.03	1.00	0.37	0.83	0.06	0.45
x5	0.00	0.06	0.57	0.45	0.65	0.42	0.35
x6	0.00	0.01	0.13	0.16	0.27	0.86	0.11
x7	0.00	0.03	0.55	0.36	0.94	0.07	0.38
x8	0.00	0.01	0.26	0.13	0.26	0.86	0.13
x9	0.00	0.22	0.00	0.85	0.25	0.20	0.26
x10	0.00	0.50	0.15	0.91	0.32	0.35	0.38
x11	0.00	0.11	0.36	0.94	0.21	0.10	0.32
x12	0.00	0.18	0.22	0.99	0.09	0.05	0.30
x13	0.00	0.18	0.33	0.57	0.54	0.64	0.32
x14	0.00	0.05	0.35	0.27	0.54	0.95	0.24
x15	0.00	0.10	0.10	0.78	0.57	0.77	0.31
x16	0.00	0.29	0.53	0.22	0.12	0.04	0.23
x17	0.00	0.06	0.19	0.12	0.12	0.07	0.10
x18	0.00	0.01	0.44	0.18	0.28	0.49	0.18
x19	0.18	0.02	0.37	0.30	0.28	0.11	0.23
x20	0.00	0.10	0.29	0.67	0.42	0.38	0.30
x21	0.00	0.00	0.00	0.03	0.15	0.30	0.04
x22	0.00	0.10	0.22	0.61	0.28	0.32	0.24
x23	0.00	0.01	0.25	0.10	0.16	0.29	0.10
x24	0.00	0.01	0.65	0.24	0.01	0.27	0.18
x25	0.00	0.00	0.28	0.09	0.30	0.11	0.13
x26	0.00	0.02	0.14	0.28	0.31	0.24	0.15
x27	0.00	0.06	0.27	0.64	0.09	0.65	0.21
x28	0.00	0.07	0.21	0.93	0.28	0.02	0.30
x29	0.00	0.44	0.32	0.87	0.58	0.21	0.44
x30	0.00	1.00	0.25	0.96	0.39	0.54	0.52
x31	0.00	0.64	0.75	0.40	0.67	1.00	0.49
x32	0.00	0.06	0.13	0.58	0.50	0.65	0.25
x33	0.00	0.02	0.22	0.25	0.34	0.15	0.17
x34	0.00	0.86	0.21	1.00	0.14	0.09	0.44
x35	0.00	0.41	0.22	1.00	0.48	0.22	0.42
x36	0.00	0.00	0.10	0.04	0.30	0.91	0.09
x37	0.00	0.35	0.16	0.54	0.44	0.46	0.30
x38	0.00	0.14	0.05	0.66	0.34	0.24	0.24
x39	0.00	0.12	0.25	0.70	0.27	0.51	0.27
x40	0.00	0.31	0.13	0.73	0.65	0.87	0.36
x41	0.00	0.06	0.00	0.69	0.07	0.89	0.16
x42	0.00	0.38	0.04	0.76	0.03	0.86	0.24
x43	0.00	0.64	0.13	1.00	0.96	0.10	0.55
x44	0.00	0.09	0.06	0.42	0.52	0.05	0.22
x45	0.00	0.00	0.54	0.07	0.11	0.52	0.14
x46	0.92	0.00	0.02	0.01	0.12	0.00	0.21
x47	0.61	0.07	0.18	0.60	0.31	0.08	0.35
x48	0.00	0.00	0.13	0.06	0.02	0.44	0.04
x49	0.00	0.06	0.00	0.55	0.11	0.34	0.14
x50	0.34	0.03	0.14	0.34	0.54	0.04	0.28
x51	0.76	0.00	0.17	0.00	0.11	0.01	0.21
x52	1.00	0.01	0.11	0.21	0.32	0.04	0.33
x53	0.13	0.01	0.36	0.19	0.04	0.20	0.15
x54	0.00	0.03	0.25	0.33	0.02	0.97	0.13
x55	0.00	0.25	0.25	0.52	0.71	0.35	0.35
x56	0.00	0.03	0.15	0.31	0.07	0.27	0.11
x57	0.00	0.07	0.02	0.49	0.31	0.47	0.18
x58	0.00	0.07	0.16	0.46	0.36	0.94	0.21
x59	0.00	0.14	0.09	0.72	0.25	0.89	0.24
x60	0.00	0.21	0.08	0.75	0.12	0.94	0.23
x61	0.00	0.54	0.10	1.00	0.57	0.63	0.44
x62	0.00	0.01	0.08	0.15	0.87	0.00	0.22
x63	0.00	0.21	0.13	0.84	0.00	0.27	0.24
x64	0.00	0.36	0.23	0.90	0.00	0.20	0.30
x65	0.00	0.15	0.09	0.88	0.90	0.62	0.40
x66	0.00	0.51	0.14	0.97	0.29	0.66	0.38
x67	0.00	0.72	0.11	0.48	0.28	0.55	0.32
x68	0.00	0.43	0.10	0.82	0.08	0.70	0.29
x69	0.00	0.18	0.10	0.81	0.50	0.20	0.32
x70	0.00	0.60	0.14	0.79	0.15	0.74	0.34
x71	0.00	0.19	0.26	1.00	0.14	0.34	0.32
72
	Lasso		Lin		RF		RFE		Ridge		p_val		Mean
x0	0.33	0.03	0.04	0.45	0.53	0.00	0.28
x1	0.56	0.03	0.26	0.48	0.73	0.00	0.41
x2	0.04	0.03	0.21	0.39	0.43	0.00	0.22
x3	0.42	0.04	0.25	0.79	0.68	0.00	0.44
x4	0.00	0.02	0.18	0.42	0.66	0.00	0.26
x5	0.03	0.01	0.08	0.22	0.37	0.00	0.14
x6	0.25	0.02	0.45	0.30	0.38	0.00	0.28
x7	0.55	0.04	0.53	0.55	0.60	0.00	0.45
x8	1.00	0.04	1.00	0.49	0.79	0.00	0.66
x9	0.00	0.07	0.03	0.58	0.36	0.02	0.21
x10	0.00	0.01	0.00	0.18	0.53	0.02	0.14
x11	0.00	0.06	0.05	0.52	0.12	0.02	0.15
x12	0.00	0.02	0.01	0.13	0.17	0.05	0.07
x13	0.00	0.08	0.00	0.43	0.14	0.01	0.13
x14	0.00	0.10	0.04	0.46	0.35	0.02	0.19
x15	0.00	0.07	0.02	0.82	0.36	0.00	0.25
x16	0.00	0.10	0.05	0.88	0.21	0.01	0.25
x17	0.00	0.09	0.03	0.91	0.06	0.01	0.22
x18	0.00	0.06	0.20	0.51	0.11	0.00	0.18
x19	0.00	0.01	0.46	0.21	0.03	0.00	0.14
x20	0.00	0.05	0.10	0.66	0.75	0.00	0.31
x21	0.00	0.03	0.08	0.25	0.05	0.00	0.08
x22	0.00	0.05	0.05	0.36	0.25	0.01	0.14
x23	0.00	0.08	0.36	0.87	0.68	0.00	0.40
x24	0.00	0.09	0.72	0.72	0.95	0.00	0.50
x25	0.00	0.05	0.36	0.37	0.18	0.00	0.19
x26	0.46	0.08	0.62	0.73	1.00	0.00	0.58
x27	0.00	0.08	0.00	0.69	0.11	0.02	0.18
x28	0.00	0.35	0.01	0.57	0.10	0.01	0.21
x29	0.00	0.33	0.04	0.97	0.09	0.19	0.29
x30	0.00	0.27	0.04	1.00	0.04	0.00	0.27
x31	0.00	0.07	0.01	0.93	0.19	0.00	0.24
x32	0.00	0.01	0.02	0.67	0.02	0.01	0.14
x33	0.00	1.00	0.06	1.00	0.19	0.01	0.45
x34	0.00	0.17	0.01	0.64	0.30	0.00	0.22
x35	0.00	0.60	0.01	1.00	0.27	0.04	0.38
x36	0.00	0.06	0.01	0.96	0.05	0.14	0.22
x37	0.00	0.06	0.01	0.54	0.20	0.06	0.16
x38	0.00	0.03	0.00	0.34	0.04	0.91	0.08
x39	0.00	0.04	0.01	0.24	0.21	0.06	0.10
x40	0.00	0.00	0.07	0.00	0.22	0.74	0.06
x41	0.00	0.12	0.03	0.85	0.28	0.17	0.26
x42	0.00	0.05	0.12	0.60	0.26	0.06	0.21
x43	0.00	0.03	0.11	0.16	0.41	0.13	0.14
x44	0.00	0.04	0.13	0.31	0.24	0.01	0.14
x45	0.09	0.00	0.06	0.06	0.01	0.02	0.04
x46	0.13	0.00	0.00	0.04	0.03	0.10	0.04
x47	0.00	0.00	0.06	0.15	0.15	0.25	0.07
x48	0.09	0.00	0.04	0.10	0.04	0.01	0.05
x49	0.12	0.00	0.09	0.07	0.04	0.02	0.06
x50	0.09	0.00	0.02	0.01	0.03	0.07	0.03
x51	0.05	0.00	0.05	0.09	0.00	0.01	0.04
x52	0.00	0.01	0.10	0.12	0.02	0.41	0.05
x53	0.10	0.00	0.09	0.03	0.10	0.17	0.06
x54	0.00	0.04	0.02	0.94	0.22	0.96	0.24
x55	0.00	0.01	0.02	0.27	0.21	0.75	0.10
x56	0.00	0.09	0.07	0.63	0.48	0.07	0.25
x57	0.00	0.03	0.01	0.19	0.02	0.39	0.05
x58	0.00	0.04	0.00	0.28	0.20	0.58	0.10
x59	0.00	0.08	0.00	0.40	0.27	0.87	0.15
x60	0.00	0.06	0.03	0.61	0.45	0.38	0.23
x61	0.00	0.07	0.16	0.70	0.37	0.71	0.26
x62	0.00	0.02	0.03	0.33	0.15	0.72	0.11
x63	0.00	0.10	0.03	0.75	0.40	0.44	0.26
x64	0.00	0.16	0.13	0.76	0.13	1.00	0.24
x65	0.00	0.57	0.02	0.84	0.18	0.16	0.32
x66	0.00	0.84	0.08	0.99	0.01	0.04	0.38
x67	0.00	0.57	0.02	0.90	0.04	0.94	0.31
x68	0.00	0.62	0.00	0.81	0.10	0.46	0.31
x69	0.00	0.54	0.05	0.78	0.08	0.58	0.29
x70	0.00	0.56	0.10	1.00	0.11	0.18	0.35
x71	0.00	0.71	0.00	1.00	0.08	0.71	0.36
72
	Lasso		Lin		RF		RFE		Ridge		p_val		Mean
x0	0.00	0.03	0.17	0.63	1.00	0.00	0.37
x1	0.00	0.01	0.05	0.24	0.58	0.00	0.18
x2	0.00	0.01	0.22	0.31	0.68	0.00	0.24
x3	0.00	0.02	0.14	0.37	0.52	0.00	0.21
x4	0.00	0.02	0.04	0.30	0.76	0.00	0.22
x5	0.00	0.01	0.21	0.27	0.64	0.00	0.23
x6	0.00	0.01	0.28	0.18	0.24	0.00	0.14
x7	0.00	0.05	0.41	0.64	0.64	0.00	0.35
x8	0.00	0.03	0.14	0.70	0.76	0.00	0.33
x9	0.00	0.02	0.29	0.28	0.04	0.09	0.13
x10	0.00	0.19	0.08	0.40	0.05	0.32	0.14
x11	0.00	0.14	0.13	0.49	0.03	0.87	0.16
x12	0.00	0.52	0.72	1.00	0.37	0.01	0.52
x13	0.00	0.05	0.09	0.45	0.48	0.37	0.21
x14	0.00	0.07	0.10	1.00	0.02	0.47	0.24
x15	0.00	0.18	0.03	0.99	0.09	0.40	0.26
x16	0.00	0.26	0.29	0.82	0.17	0.19	0.31
x17	0.00	0.02	0.06	0.22	0.35	0.00	0.13
x18	0.00	0.00	0.00	0.01	0.07	0.88	0.02
x19	0.00	0.00	0.10	0.04	0.07	0.66	0.04
x20	0.88	0.00	0.12	0.07	0.09	0.15	0.23
x21	0.00	0.00	0.06	0.09	0.10	0.32	0.05
x22	0.00	0.09	0.15	0.75	0.72	0.02	0.34
x23	0.00	0.06	0.03	0.91	0.56	0.02	0.31
x24	0.00	0.10	0.06	0.81	0.73	0.00	0.34
x25	0.00	0.00	0.04	0.13	0.15	0.44	0.06
x26	0.00	0.00	0.01	0.10	0.09	0.83	0.04
x27	0.00	0.07	0.01	0.93	0.29	0.39	0.26
x28	0.00	0.24	0.15	0.96	0.06	0.93	0.28
x29	0.00	0.19	0.38	0.97	0.18	0.41	0.34
x30	0.00	0.04	0.20	0.52	0.51	0.35	0.25
x31	0.00	0.04	0.25	0.25	0.01	0.91	0.11
x32	0.00	0.11	1.00	0.94	0.08	0.13	0.43
x33	0.00	1.00	0.30	1.00	0.19	0.12	0.50
x34	0.00	0.38	0.14	0.76	0.32	0.13	0.32
x35	0.00	0.01	0.04	0.12	0.47	0.31	0.13
x36	0.00	0.00	0.03	0.06	0.45	0.03	0.11
x37	0.00	0.10	0.04	0.84	0.23	0.90	0.24
x38	0.00	0.14	0.05	0.78	0.23	0.36	0.24
x39	0.00	0.04	0.02	0.46	0.37	0.01	0.18
x40	0.00	0.04	0.04	0.33	0.25	0.47	0.13
x41	0.00	0.04	0.03	0.69	0.15	0.29	0.18
x42	0.00	0.04	0.01	0.19	0.35	0.17	0.12
x43	0.00	0.07	0.02	0.73	0.31	0.32	0.23
x44	0.00	0.05	0.01	0.67	0.59	0.01	0.26
x45	0.00	0.02	0.02	0.34	0.43	0.03	0.16
x46	0.00	0.02	0.03	0.48	0.30	0.22	0.17
x47	0.00	0.03	0.17	0.57	0.40	0.72	0.23
x48	0.55	0.00	0.07	0.03	0.16	0.47	0.16
x49	0.00	0.00	0.04	0.00	0.39	0.07	0.09
x50	0.00	0.02	0.02	0.43	0.30	0.77	0.15
x51	0.00	0.03	0.00	0.54	0.61	0.09	0.24
x52	0.00	0.02	0.03	0.55	0.58	0.07	0.24
x53	1.00	0.00	0.05	0.15	0.11	0.37	0.26
x54	0.00	0.01	0.04	0.21	0.20	0.29	0.09
x55	0.00	0.02	0.03	0.60	0.41	0.11	0.21
x56	0.00	0.02	0.04	0.85	0.04	1.00	0.19
x57	0.00	0.15	0.01	0.87	0.03	0.10	0.21
x58	0.00	0.23	0.07	0.88	0.39	0.50	0.31
x59	0.00	0.12	0.01	0.90	0.11	0.87	0.23
x60	0.00	0.13	0.08	0.79	0.00	0.84	0.20
x61	0.00	0.03	0.02	0.72	0.08	0.07	0.17
x62	0.00	0.03	0.08	0.66	0.35	0.07	0.22
x63	0.00	0.18	0.09	0.39	0.05	0.31	0.14
x64	0.00	0.49	0.13	0.61	0.14	1.00	0.27
x65	0.00	0.65	0.08	0.58	0.09	0.71	0.28
x66	0.00	0.25	0.01	0.42	0.34	0.36	0.20
x67	0.00	0.16	0.22	0.51	0.53	0.34	0.28
x68	0.00	0.57	0.02	1.00	0.12	0.09	0.34
x69	0.00	0.96	0.09	1.00	0.11	0.77	0.43
x70	0.00	0.10	0.07	0.36	0.04	0.59	0.11
x71	0.00	0.03	0.11	0.16	0.24	0.33	0.11
72
	Lasso		Lin		RF		RFE		Ridge		p_val		Mean
x0	0.00	0.03	0.87	0.75	1.00	0.00	0.53
x1	0.00	0.02	0.78	0.61	0.92	0.00	0.47
x2	0.00	0.02	0.82	0.73	0.79	0.00	0.47
x3	0.00	0.01	0.13	0.49	0.18	0.22	0.16
x4	0.00	0.01	0.21	0.33	0.41	0.04	0.19
x5	0.00	0.01	0.21	0.39	0.36	0.03	0.19
x6	0.00	0.01	0.82	0.48	0.60	0.00	0.38
x7	0.00	0.01	0.18	0.42	0.28	0.01	0.18
x8	0.00	0.02	1.00	0.70	0.90	0.00	0.52
x9	0.00	0.28	0.06	0.85	0.54	0.35	0.35
x10	0.00	0.26	0.16	0.81	0.10	0.60	0.27
x11	0.00	0.51	0.09	0.97	0.83	0.79	0.48
x12	0.00	0.48	0.15	0.93	0.41	0.88	0.39
x13	0.00	0.43	0.12	0.90	0.20	0.18	0.33
x14	0.00	0.04	0.03	0.22	0.48	0.02	0.15
x15	0.00	0.13	0.06	0.43	0.10	0.24	0.14
x16	0.00	0.12	0.04	0.72	0.00	0.59	0.18
x17	0.00	0.05	0.07	0.36	0.04	1.00	0.10
x18	0.00	0.01	0.16	0.34	0.18	0.81	0.14
x19	0.00	0.00	0.02	0.13	0.09	0.59	0.05
x20	0.40	0.03	0.17	0.30	0.19	0.09	0.22
x21	0.00	0.01	0.17	0.37	0.15	0.99	0.14
x22	0.00	0.01	0.17	0.18	0.21	0.32	0.11
x23	0.00	0.00	0.11	0.03	0.17	0.81	0.06
x24	0.00	0.01	0.39	0.31	0.13	0.28	0.17
x25	0.00	0.00	0.34	0.06	0.05	0.86	0.09
x26	0.00	0.00	0.31	0.10	0.09	0.54	0.10
x27	0.00	0.21	0.06	0.76	0.43	0.84	0.29
x28	0.00	0.16	0.32	0.87	0.33	0.47	0.34
x29	0.00	0.46	0.04	0.88	0.14	0.79	0.30
x30	0.00	0.43	0.15	0.91	0.22	0.19	0.34
x31	0.00	0.15	0.14	0.12	0.53	0.02	0.19
x32	0.00	0.19	0.14	0.78	0.18	0.09	0.26
x33	0.00	0.00	0.09	0.25	0.20	0.41	0.11
x34	0.00	0.16	0.34	0.79	0.17	0.89	0.29
x35	0.00	0.28	0.02	1.00	0.05	0.51	0.27
x36	0.00	0.01	0.19	0.24	0.08	0.97	0.10
x37	0.00	0.05	0.19	0.60	0.48	0.14	0.26
x38	0.00	0.04	0.08	0.57	0.72	0.17	0.28
x39	0.00	0.02	0.15	0.46	0.37	0.94	0.20
x40	0.00	0.03	0.01	0.69	0.81	0.03	0.31
x41	0.00	0.05	0.16	0.67	0.81	0.72	0.34
x42	0.00	0.01	0.10	0.40	0.48	0.01	0.20
x43	0.00	0.06	0.00	0.54	0.24	0.72	0.17
x44	0.00	0.02	0.15	0.64	0.70	0.16	0.30
x45	0.00	0.01	0.06	0.45	0.13	0.71	0.13
x46	0.32	0.00	0.11	0.19	0.10	0.12	0.14
x47	0.00	0.00	0.02	0.15	0.09	0.91	0.05
x48	0.29	0.00	0.00	0.04	0.00	0.22	0.07
x49	1.00	0.00	0.07	0.01	0.07	0.08	0.23
x50	0.57	0.00	0.13	0.21	0.12	0.15	0.21
x51	0.10	0.00	0.18	0.09	0.05	0.63	0.08
x52	0.00	0.00	0.06	0.07	0.01	0.51	0.03
x53	0.11	0.00	0.02	0.00	0.01	0.46	0.03
x54	0.00	0.02	0.03	0.27	0.10	0.42	0.08
x55	0.00	0.03	0.03	0.58	0.03	0.50	0.13
x56	0.00	0.01	0.08	0.28	0.32	0.34	0.14
x57	0.00	0.04	0.01	0.55	0.37	0.34	0.19
x58	0.00	0.06	0.08	0.51	0.70	0.14	0.27
x59	0.00	0.04	0.00	0.52	0.41	0.07	0.19
x60	0.00	0.08	0.13	0.66	0.52	0.05	0.28
x61	0.00	0.08	0.05	0.63	0.27	0.11	0.21
x62	0.00	0.00	0.08	0.16	0.23	0.67	0.09
x63	0.00	0.28	0.00	0.84	0.49	0.54	0.32
x64	0.00	0.67	0.03	0.82	0.05	0.45	0.31
x65	0.00	0.97	0.01	0.96	0.15	0.76	0.42
x66	0.00	0.96	0.00	0.94	0.44	0.53	0.47
x67	0.00	1.00	0.09	0.99	0.31	0.69	0.48
x68	0.00	0.95	0.21	1.00	0.43	0.69	0.52
x69	0.00	0.63	0.25	1.00	0.16	0.48	0.41
x70	0.00	0.47	0.06	1.00	0.04	0.54	0.31
x71	0.00	0.29	0.05	1.00	0.00	0.55	0.27
72
	Lasso		Lin		RF		RFE		Ridge		p_val		Mean
x0	0.00	0.00	0.01	0.16	0.11	0.00	0.06
x1	0.00	0.01	0.36	0.36	0.17	0.11	0.18
x2	0.00	0.01	0.44	0.25	0.24	0.00	0.19
x3	0.00	0.05	0.78	0.76	0.63	0.24	0.44
x4	0.00	0.01	0.11	0.19	0.31	0.00	0.12
x5	0.00	0.00	0.16	0.21	0.18	0.02	0.11
x6	0.79	0.03	0.15	0.45	0.53	0.00	0.39
x7	0.75	0.02	0.30	0.42	0.47	0.00	0.39
x8	1.00	0.02	0.07	0.39	0.51	0.00	0.40
x9	0.00	0.04	0.12	0.75	0.17	0.37	0.22
x10	0.00	0.01	0.12	0.22	0.05	0.31	0.08
x11	0.00	0.01	0.10	0.03	0.03	0.70	0.03
x12	0.00	0.02	0.00	0.48	0.23	0.74	0.15
x13	0.00	0.08	0.04	0.90	0.24	0.30	0.25
x14	0.00	0.11	0.07	0.88	0.30	0.70	0.27
x15	0.00	0.18	0.16	0.96	0.52	0.07	0.36
x16	0.00	0.17	0.65	0.93	0.36	0.34	0.42
x17	0.00	0.32	1.00	1.00	0.17	0.16	0.50
x18	0.60	0.05	0.19	0.54	0.38	0.00	0.35
x19	0.00	0.00	0.04	0.04	0.09	0.01	0.03
x20	0.00	0.05	0.00	0.70	0.37	1.00	0.22
x21	0.00	0.03	0.00	0.84	0.00	0.00	0.17
x22	0.00	0.07	0.08	0.63	0.47	0.87	0.25
x23	0.00	0.05	0.06	0.67	0.66	0.01	0.29
x24	0.00	0.04	0.19	0.49	0.62	0.11	0.27
x25	0.00	0.07	0.11	0.58	0.08	0.23	0.17
x26	0.73	0.10	0.22	0.87	1.00	0.00	0.58
x27	0.00	0.00	0.21	0.15	0.22	0.06	0.12
x28	0.00	0.16	0.02	0.82	0.20	0.82	0.24
x29	0.00	0.86	0.06	1.00	0.29	0.54	0.44
x30	0.00	0.26	0.00	0.73	0.03	0.22	0.20
x31	0.00	0.42	0.04	1.00	0.41	0.20	0.37
x32	0.00	0.22	0.05	0.94	0.00	0.58	0.24
x33	0.00	0.05	0.17	0.46	0.38	0.16	0.21
x34	0.00	0.24	0.26	0.52	0.41	0.20	0.29
x35	0.00	0.48	0.01	0.99	0.16	0.79	0.33
x36	0.00	0.01	0.11	0.33	0.10	0.12	0.11
x37	0.00	0.08	0.04	0.57	0.32	0.66	0.20
x38	0.00	0.02	0.06	0.31	0.25	0.61	0.13
x39	0.00	0.12	0.00	0.79	0.68	0.12	0.32
x40	0.00	0.02	0.00	0.34	0.21	0.13	0.11
x41	0.00	0.07	0.13	0.66	0.27	0.08	0.23
x42	0.00	0.05	0.10	0.43	0.39	0.91	0.19
x43	0.00	0.02	0.00	0.30	0.14	0.61	0.09
x44	0.00	0.03	0.01	0.85	0.13	0.07	0.20
x45	0.19	0.01	0.12	0.18	0.05	0.15	0.11
x46	0.25	0.00	0.00	0.12	0.07	0.07	0.09
x47	0.08	0.00	0.05	0.06	0.00	0.51	0.04
x48	0.15	0.00	0.02	0.01	0.02	0.21	0.04
x49	0.05	0.00	0.04	0.00	0.01	0.56	0.02
x50	0.00	0.00	0.06	0.10	0.03	0.84	0.04
x51	0.00	0.00	0.05	0.13	0.05	0.72	0.05
x52	0.00	0.01	0.18	0.27	0.10	0.98	0.11
x53	0.08	0.00	0.08	0.07	0.01	0.41	0.05
x54	0.00	0.03	0.04	0.51	0.25	0.65	0.17
x55	0.00	0.07	0.04	0.55	0.08	0.67	0.15
x56	0.00	0.01	0.07	0.69	0.54	0.21	0.26
x57	0.01	0.10	0.08	0.78	0.72	0.21	0.34
x58	0.00	0.00	0.06	0.09	0.19	0.06	0.07
x59	0.00	0.09	0.00	0.64	0.15	0.16	0.18
x60	0.00	0.07	0.05	0.61	0.28	0.77	0.20
x61	0.00	0.06	0.00	0.60	0.25	0.92	0.18
x62	0.00	0.02	0.06	0.37	0.32	0.50	0.15
x63	0.00	0.05	0.07	0.72	0.29	0.11	0.23
x64	0.00	0.02	0.02	0.24	0.04	0.11	0.06
x65	0.00	0.23	0.05	0.81	0.44	0.91	0.31
x66	0.00	1.00	0.00	1.00	0.09	0.20	0.42
x67	0.00	0.63	0.02	1.00	0.06	0.86	0.34
x68	0.00	0.09	0.03	0.40	0.11	0.70	0.13
x69	0.00	0.15	0.08	0.91	0.36	0.51	0.30
x70	0.00	0.00	0.08	0.28	0.02	0.52	0.08
x71	0.00	0.51	0.05	0.97	0.22	0.29	0.35
72
	Lasso		Lin		RF		RFE		Ridge		p_val		Mean
x0	0.07	0.04	0.09	0.75	0.87	0.00	0.36
x1	0.81	0.05	0.04	0.54	1.00	0.00	0.49
x2	0.00	0.02	0.07	0.40	0.45	0.00	0.19
x3	0.10	0.01	0.01	0.36	0.11	0.05	0.12
x4	0.15	0.03	0.16	0.46	0.69	0.00	0.30
x5	0.21	0.00	0.06	0.13	0.31	0.00	0.14
x6	0.00	0.02	0.32	0.42	0.52	0.00	0.26
x7	0.00	0.00	0.08	0.10	0.15	0.00	0.07
x8	0.00	0.01	1.00	0.30	0.73	0.00	0.41
x9	0.00	0.43	0.01	0.58	0.38	0.27	0.28
x10	0.00	0.56	0.00	0.55	0.47	0.49	0.32
x11	0.00	0.29	0.05	0.99	0.23	0.03	0.31
x12	0.00	0.21	0.00	0.94	0.00	0.07	0.23
x13	0.00	0.26	0.00	0.93	0.17	0.75	0.27
x14	0.00	0.52	0.00	0.87	0.09	0.01	0.30
x15	0.00	0.16	0.00	0.70	0.03	0.17	0.18
x16	0.00	0.38	0.02	0.72	0.41	0.04	0.31
x17	0.00	0.08	0.00	0.31	0.49	0.23	0.18
x18	0.00	0.00	0.01	0.09	0.03	0.65	0.03
x19	0.00	0.00	0.01	0.06	0.03	0.44	0.02
x20	0.00	0.00	0.00	0.00	0.06	0.84	0.01
x21	0.00	0.00	0.00	0.04	0.06	0.78	0.02
x22	0.00	0.07	0.00	0.34	0.03	0.00	0.09
x23	0.00	0.01	0.00	0.82	0.40	0.00	0.25
x24	1.00	0.01	0.00	0.22	0.43	0.00	0.33
x25	0.00	0.00	0.01	0.12	0.05	0.70	0.04
x26	0.00	0.00	0.00	0.03	0.03	0.76	0.01
x27	0.00	0.62	0.01	1.00	0.14	0.51	0.35
x28	0.00	0.03	0.01	0.39	0.18	0.00	0.12
x29	0.00	0.38	0.01	0.49	0.03	0.10	0.18
x30	0.00	0.09	0.00	0.73	0.17	0.71	0.20
x31	0.00	0.13	0.01	0.51	0.19	0.01	0.17
x32	0.00	0.21	0.01	0.91	0.19	0.05	0.26
x33	0.00	0.82	0.00	1.00	0.15	0.02	0.39
x34	0.00	0.16	0.02	0.90	0.17	0.20	0.25
x35	0.00	0.22	0.02	0.84	0.52	0.61	0.32
x36	0.00	0.07	0.00	0.66	0.27	0.07	0.20
x37	0.00	0.06	0.00	0.67	0.42	0.01	0.23
x38	0.00	0.14	0.02	0.61	0.66	0.24	0.29
x39	0.00	0.06	0.00	0.63	0.42	0.00	0.22
x40	0.00	0.10	0.01	0.64	0.91	0.00	0.33
x41	0.00	0.10	0.00	0.81	0.15	0.71	0.21
x42	0.00	0.09	0.00	0.79	0.40	0.00	0.26
x43	0.00	0.09	0.00	0.76	0.20	0.91	0.21
x44	0.00	0.01	0.01	0.33	0.49	0.09	0.17
x45	0.26	0.03	0.00	0.48	0.20	0.08	0.19
x46	0.26	0.00	0.00	0.16	0.07	0.00	0.10
x47	0.11	0.01	0.00	0.18	0.08	0.15	0.08
x48	0.00	0.00	0.00	0.15	0.06	0.95	0.04
x49	0.30	0.00	0.01	0.07	0.06	0.01	0.09
x50	0.23	0.01	0.01	0.24	0.12	0.03	0.12
x51	0.31	0.01	0.00	0.28	0.16	0.00	0.15
x52	0.41	0.01	0.00	0.21	0.31	0.02	0.19
x53	0.02	0.01	0.01	0.27	0.14	0.57	0.09
x54	0.00	0.04	0.00	0.52	0.10	1.00	0.13
x55	0.00	0.01	0.00	0.19	0.16	0.51	0.07
x56	0.00	0.06	0.02	0.60	0.41	0.57	0.22
x57	0.00	0.02	0.00	0.37	0.05	0.84	0.09
x58	0.00	0.03	0.00	0.43	0.12	0.29	0.12
x59	0.00	0.21	0.01	0.69	0.50	0.06	0.28
x60	0.00	0.05	0.01	0.25	0.10	0.01	0.08
x61	0.00	0.12	0.00	0.78	0.44	0.03	0.27
x62	0.00	0.00	0.00	0.01	0.11	0.92	0.02
x63	0.00	0.56	0.00	0.57	0.42	0.57	0.31
x64	0.00	0.10	0.00	1.00	0.32	0.01	0.28
x65	0.00	0.36	0.02	0.45	0.30	0.26	0.23
x66	0.00	0.15	0.00	0.97	0.03	0.47	0.23
x67	0.00	0.28	0.00	0.96	0.35	0.36	0.32
x68	0.00	1.00	0.00	1.00	0.41	0.63	0.48
x69	0.00	0.88	0.01	1.00	0.00	0.98	0.38
x70	0.00	0.33	0.00	0.88	0.03	0.21	0.25
x71	0.00	0.28	0.00	0.85	0.29	0.50	0.28
72
	Lasso		Lin		RF		RFE		Ridge		p_val		Mean
x0	0.85	0.03	0.31	0.57	0.67	0.00	0.49
x1	0.58	0.04	0.02	0.54	0.68	0.00	0.37
x2	0.59	0.05	0.29	0.60	0.78	0.00	0.46
x3	0.36	0.06	0.20	0.76	0.69	0.00	0.41
x4	0.00	0.02	0.14	0.49	0.40	0.00	0.21
x5	0.00	0.01	0.17	0.40	0.31	0.00	0.18
x6	0.65	0.04	0.18	0.58	0.68	0.00	0.43
x7	0.23	0.02	0.04	0.48	0.30	0.00	0.21
x8	1.00	0.05	1.00	0.78	0.80	0.00	0.73
x9	0.00	0.09	0.00	0.72	0.06	0.50	0.17
x10	0.00	0.02	0.00	0.15	0.33	0.12	0.10
x11	0.00	0.08	0.00	0.69	0.18	0.52	0.19
x12	0.00	0.03	0.08	0.45	0.28	0.91	0.17
x13	0.00	0.05	0.09	0.39	0.02	0.05	0.11
x14	0.00	0.04	0.04	0.27	0.28	0.03	0.13
x15	0.00	0.17	0.03	0.79	0.47	0.01	0.29
x16	0.00	0.21	0.05	0.81	0.46	0.15	0.31
x17	0.00	0.16	0.01	0.82	0.11	0.31	0.22
x18	0.00	0.01	0.02	0.28	0.12	0.11	0.09
x19	0.00	0.00	0.23	0.09	0.05	0.63	0.07
x20	0.00	0.11	0.59	0.67	1.00	0.00	0.47
x21	0.00	0.00	0.37	0.12	0.07	0.23	0.11
x22	0.00	0.02	0.09	0.31	0.28	0.58	0.14
x23	0.00	0.10	0.08	0.88	1.00	0.00	0.41
x24	0.00	0.01	0.01	0.21	0.02	0.17	0.05
x25	0.00	0.00	0.09	0.00	0.02	0.73	0.02
x26	0.00	0.00	0.48	0.01	0.01	0.42	0.10
x27	0.00	0.04	0.08	0.43	0.02	0.09	0.11
x28	0.00	0.20	0.01	0.75	0.03	0.68	0.20
x29	0.00	0.42	0.00	0.99	0.11	0.64	0.30
x30	0.00	0.04	0.12	0.33	0.00	0.02	0.10
x31	0.00	0.18	0.03	0.90	0.29	0.00	0.28
x32	0.00	0.17	0.10	0.42	0.20	0.04	0.18
x33	0.00	0.01	0.08	0.34	0.16	0.73	0.12
x34	0.00	0.62	0.14	1.00	0.42	0.26	0.44
x35	0.00	0.85	0.06	0.93	0.32	0.45	0.43
x36	0.00	0.05	0.03	0.96	0.19	0.20	0.25
x37	0.00	0.02	0.02	0.46	0.12	0.07	0.12
x38	0.00	0.02	0.18	0.36	0.19	0.56	0.15
x39	0.00	0.08	0.03	0.66	0.47	0.16	0.25
x40	0.00	0.02	0.04	0.24	0.14	0.79	0.09
x41	0.00	0.10	0.00	0.63	0.03	0.15	0.15
x42	0.00	0.01	0.02	0.19	0.40	0.06	0.12
x43	0.00	0.06	0.08	0.52	0.46	0.62	0.22
x44	0.00	0.07	0.36	0.85	0.89	0.00	0.43
x45	0.05	0.00	0.01	0.13	0.01	0.10	0.04
x46	0.00	0.00	0.00	0.04	0.00	0.76	0.01
x47	0.04	0.01	0.01	0.30	0.14	0.42	0.10
x48	0.09	0.00	0.05	0.16	0.03	0.03	0.07
x49	0.10	0.00	0.05	0.06	0.02	0.07	0.05
x50	0.06	0.00	0.03	0.10	0.01	0.26	0.04
x51	0.00	0.00	0.02	0.03	0.02	0.61	0.01
x52	0.01	0.01	0.08	0.25	0.08	0.68	0.09
x53	0.01	0.01	0.01	0.22	0.02	0.34	0.05
x54	0.00	0.04	0.05	0.94	0.18	0.78	0.24
x55	0.00	0.04	0.10	0.51	0.00	0.83	0.13
x56	0.00	0.01	0.12	0.37	0.32	0.21	0.16
x57	0.00	0.05	0.08	0.55	0.21	0.73	0.18
x58	0.00	0.12	0.03	0.64	0.15	0.64	0.19
x59	0.00	0.15	0.05	0.61	0.33	0.93	0.23
x60	0.00	0.15	0.04	0.87	0.76	0.38	0.36
x61	0.00	0.12	0.02	0.84	0.40	0.41	0.28
x62	0.00	0.01	0.29	0.18	0.02	0.22	0.10
x63	0.00	0.09	0.01	0.70	0.09	0.22	0.18
x64	0.00	0.15	0.00	0.73	0.01	0.41	0.18
x65	0.00	0.01	0.02	0.07	0.14	0.53	0.05
x66	0.00	0.52	0.02	0.97	0.21	0.04	0.34
x67	0.00	0.36	0.01	1.00	0.13	0.93	0.30
x68	0.00	0.16	0.00	1.00	0.09	0.44	0.25
x69	0.00	0.14	0.04	1.00	0.09	1.00	0.25
x70	0.00	0.31	0.02	1.00	0.09	0.39	0.28
x71	0.00	1.00	0.05	0.91	0.00	0.32	0.39
72
	Lasso		Lin		RF		RFE		Ridge		p_val		Mean
x0	0.00	0.03	0.04	0.58	0.52	0.02	0.23
x1	0.00	0.05	0.04	0.67	1.00	0.00	0.35
x2	0.00	0.04	0.12	0.55	0.80	0.01	0.30
x3	0.00	0.04	0.37	0.69	1.00	0.00	0.42
x4	0.00	0.04	1.00	0.64	0.65	0.00	0.47
x5	0.00	0.03	0.01	0.48	0.87	0.00	0.28
x6	0.00	0.01	0.04	0.24	0.89	0.00	0.24
x7	0.00	0.01	0.21	0.28	0.77	0.00	0.25
x8	0.00	0.04	0.23	0.45	0.36	0.01	0.22
x9	0.00	0.02	0.02	0.13	0.01	0.25	0.04
x10	0.00	0.02	0.00	0.19	0.17	0.40	0.08
x11	0.00	0.23	0.10	0.81	0.18	0.13	0.26
x12	0.00	0.27	0.07	0.73	0.18	0.18	0.25
x13	0.00	0.12	0.18	0.57	0.53	0.43	0.28
x14	0.00	0.14	0.16	0.63	0.40	0.67	0.27
x15	0.00	0.43	0.16	0.94	0.36	0.95	0.38
x16	0.00	0.18	0.00	0.39	0.28	0.13	0.17
x17	0.00	0.02	0.02	1.00	0.40	0.28	0.29
x18	0.00	0.00	0.05	0.06	0.00	0.57	0.02
x19	0.00	0.00	0.08	0.10	0.05	0.33	0.05
x20	0.22	0.00	0.01	0.01	0.08	0.10	0.06
x21	0.00	0.00	0.01	0.07	0.03	0.76	0.02
x22	0.00	0.04	0.07	0.42	0.04	0.10	0.11
x23	0.00	0.00	0.01	0.09	0.06	0.09	0.03
x24	0.00	0.02	0.02	0.27	0.07	0.09	0.08
x25	0.00	0.00	0.08	0.03	0.04	0.63	0.03
x26	0.00	0.00	0.06	0.04	0.07	0.45	0.03
x27	0.00	0.11	0.12	0.85	0.05	0.40	0.23
x28	0.00	0.04	0.03	0.79	0.05	0.06	0.18
x29	0.00	0.23	0.22	0.52	0.17	0.31	0.23
x30	0.00	0.44	0.07	0.61	0.57	0.41	0.34
x31	0.00	0.22	0.03	0.75	0.40	0.91	0.28
x32	0.00	0.17	0.43	1.00	0.30	1.00	0.38
x33	0.00	0.00	0.04	0.12	0.08	0.19	0.05
x34	0.00	0.00	0.06	0.16	0.31	0.21	0.11
x35	0.00	0.31	0.05	0.93	0.30	0.92	0.32
x36	0.00	0.18	0.05	0.43	0.45	0.02	0.22
x37	0.00	0.09	0.01	0.46	0.47	0.30	0.21
x38	0.00	0.07	0.01	0.66	0.17	0.42	0.18
x39	0.00	1.00	0.08	1.00	0.79	0.00	0.57
x40	0.00	0.17	0.00	0.96	0.59	0.53	0.34
x41	0.00	0.04	0.00	0.51	0.49	0.21	0.21
x42	0.00	0.13	0.01	0.37	0.60	0.15	0.22
x43	0.00	0.19	0.00	0.70	0.57	0.35	0.29
x44	0.00	0.03	0.00	0.34	0.16	0.90	0.11
x45	0.29	0.01	0.03	0.25	0.21	0.17	0.16
x46	0.69	0.01	0.01	0.21	0.06	0.02	0.20
x47	0.38	0.03	0.00	0.40	0.07	0.11	0.18
x48	0.07	0.04	0.08	0.49	0.14	0.59	0.16
x49	0.00	0.03	0.01	0.60	0.27	0.06	0.18
x50	0.10	0.02	0.00	0.36	0.33	0.07	0.16
x51	0.56	0.00	0.03	0.15	0.08	0.03	0.16
x52	1.00	0.01	0.01	0.31	0.27	0.02	0.32
x53	0.06	0.00	0.03	0.00	0.00	0.35	0.02
x54	0.00	0.15	0.02	0.87	0.04	0.18	0.22
x55	0.00	0.05	0.01	0.88	0.14	0.80	0.22
x56	0.00	0.05	0.04	0.90	0.10	0.09	0.22
x57	0.00	0.63	0.09	0.99	0.32	0.01	0.41
x58	0.00	0.40	0.10	0.97	0.07	0.27	0.31
x59	0.00	0.19	0.01	0.84	0.02	0.94	0.21
x60	0.00	0.19	0.00	0.72	0.06	0.80	0.19
x61	0.00	0.08	0.04	0.54	0.24	0.57	0.18
x62	0.00	0.02	0.00	0.33	0.45	0.27	0.16
x63	0.00	0.02	0.06	0.18	0.09	0.97	0.07
x64	0.00	0.11	0.01	0.82	0.00	0.23	0.19
x65	0.00	0.24	0.04	0.22	0.07	0.57	0.11
x66	0.00	0.54	0.01	0.78	0.32	0.30	0.33
x67	0.00	0.46	0.01	0.76	0.16	0.43	0.28
x68	0.00	0.35	0.01	0.30	0.01	0.98	0.13
x69	0.00	0.38	0.00	1.00	0.11	0.19	0.30
x70	0.00	0.19	0.00	1.00	0.03	0.80	0.24
x71	0.00	0.31	0.05	0.91	0.09	0.98	0.27
72
	Lasso		Lin		RF		RFE		Ridge		p_val		Mean
x0	0.59	0.02	0.08	0.48	0.73	0.00	0.38
x1	0.74	0.01	0.06	0.40	0.74	0.00	0.39
x2	0.69	0.02	0.31	0.61	0.77	0.00	0.48
x3	0.41	0.01	0.28	0.27	0.49	0.00	0.29
x4	0.32	0.02	0.24	0.58	0.85	0.00	0.40
x5	0.54	0.01	0.07	0.43	0.65	0.00	0.34
x6	0.84	0.01	0.24	0.34	0.58	0.00	0.40
x7	0.74	0.01	0.09	0.42	0.49	0.00	0.35
x8	1.00	0.02	1.00	0.49	0.76	0.00	0.65
x9	0.00	0.04	0.00	0.64	0.35	0.04	0.21
x10	0.00	0.05	0.00	0.78	0.09	0.73	0.18
x11	0.00	0.11	0.02	0.75	0.34	0.02	0.24
x12	0.00	0.04	0.00	0.57	0.13	0.14	0.15
x13	0.00	0.02	0.00	0.67	0.25	1.00	0.19
x14	0.00	0.03	0.00	0.66	0.42	0.03	0.22
x15	0.00	0.05	0.01	0.37	0.24	0.00	0.13
x16	0.00	0.07	0.00	0.39	0.21	0.01	0.13
x17	0.00	0.03	0.00	0.28	0.13	0.03	0.09
x18	0.00	0.00	0.00	0.15	0.00	0.02	0.03
x19	0.00	0.00	0.07	0.10	0.02	0.05	0.04
x20	0.00	0.00	0.00	0.06	0.03	0.57	0.02
x21	0.00	0.00	0.26	0.12	0.03	0.25	0.08
x22	0.00	0.01	0.01	0.30	0.53	0.00	0.17
x23	0.00	0.03	0.21	0.73	0.77	0.00	0.35
x24	0.00	0.04	0.29	0.72	1.00	0.00	0.41
x25	0.00	0.00	0.09	0.13	0.02	0.32	0.05
x26	0.02	0.00	0.57	0.01	0.04	0.02	0.13
x27	0.00	0.12	0.01	0.33	0.12	0.01	0.12
x28	0.00	0.26	0.00	0.96	0.02	0.02	0.25
x29	0.00	0.37	0.00	0.99	0.16	0.46	0.30
x30	0.00	0.05	0.01	0.36	0.18	0.89	0.12
x31	0.00	0.06	0.01	0.84	0.01	0.00	0.18
x32	0.00	0.11	0.00	0.63	0.06	0.02	0.16
x33	0.00	0.47	0.00	1.00	0.03	0.01	0.30
x34	0.00	0.32	0.01	0.94	0.09	0.01	0.27
x35	0.00	0.08	0.00	0.93	0.25	0.55	0.25
x36	0.00	0.04	0.02	0.90	0.44	0.01	0.28
x37	0.00	0.06	0.06	0.54	0.09	0.03	0.15
x38	0.00	0.05	0.01	0.87	0.59	0.80	0.30
x39	0.00	0.04	0.08	0.82	0.59	0.00	0.31
x40	0.00	0.05	0.00	0.81	0.50	0.50	0.27
x41	0.00	0.03	0.00	0.46	0.06	0.04	0.11
x42	0.00	0.00	0.02	0.19	0.17	0.01	0.08
x43	0.00	0.05	0.12	0.52	0.43	0.23	0.22
x44	0.00	0.01	0.04	0.69	0.69	0.00	0.29
x45	0.08	0.00	0.00	0.07	0.00	0.01	0.03
x46	0.15	0.00	0.01	0.22	0.05	0.05	0.09
x47	0.00	0.00	0.02	0.00	0.21	0.36	0.05
x48	0.01	0.00	0.00	0.18	0.05	0.59	0.05
x49	0.09	0.00	0.00	0.03	0.04	0.01	0.03
x50	0.07	0.00	0.01	0.04	0.00	0.07	0.02
x51	0.05	0.00	0.00	0.16	0.02	0.01	0.05
x52	0.00	0.00	0.00	0.09	0.02	0.24	0.02
x53	0.00	0.00	0.00	0.21	0.10	0.97	0.06
x54	0.00	0.03	0.00	0.88	0.21	0.75	0.22
x55	0.00	0.05	0.00	0.55	0.26	0.96	0.17
x56	0.00	0.03	0.16	0.85	0.13	0.05	0.23
x57	0.00	0.01	0.18	0.24	0.05	0.04	0.10
x58	0.00	0.01	0.00	0.25	0.42	0.19	0.14
x59	0.00	0.05	0.05	0.45	0.24	0.87	0.16
x60	0.00	0.03	0.00	0.60	0.31	0.29	0.19
x61	0.00	0.08	0.00	0.70	0.59	0.31	0.27
x62	0.00	0.01	0.21	0.31	0.14	0.39	0.13
x63	0.00	0.05	0.01	0.76	0.06	0.22	0.18
x64	0.00	0.24	0.00	0.79	0.11	0.98	0.23
x65	0.00	0.63	0.01	0.97	0.12	0.10	0.35
x66	0.00	0.96	0.00	1.00	0.08	1.00	0.41
x67	0.00	1.00	0.00	1.00	0.10	0.42	0.42
x68	0.00	0.95	0.00	1.00	0.17	0.39	0.42
x69	0.00	0.79	0.00	1.00	0.06	0.54	0.37
x70	0.00	0.25	0.00	0.51	0.07	0.17	0.17
x71	0.00	0.07	0.00	0.91	0.28	0.28	0.25
