2160201001
2160201002
2160201003
2160201004
2160201005
2160201006
2160201007
2160201008
2160201009
2160201010
2160201011
2160201012
2160201013
2160201014
2160201015
2160201016
2160201017
2160201018
2160201019
2160201020
2160201021
2160201022
2160201023
2160201024
2160201025
2160201026
2160201027
2160201028
2160201029
2160201030
2160201031
2160201032
2160201033
2160201034
2160201035
2160201036
2160201037
2160201038
2160201039
2160201040
2160201041
2160201042
2160201043
2160201044
2160201045
2160201046
2160201047
2160201048
2160201049
2160201050
2160201001
2160201002
2160201003
2160201004
2160201005
2160201006
2160201007
2160201008
2160201009
2160201010
2160201011
2160201012
2160201013
2160201014
2160201015
2160201016
2160201017
2160201018
2160201019
2160201020
2160201021
2160201001
2160201002
2160201003
2160201004
2160201005
2160201006
2160201007
2160201008
2160201009
2160201010
2160201011
2160201012
2160201013
2160201014
2160201015
2160201016
2160201017
2160201018
2160201019
2160201020
2160201021
2160201022
2160201023
2160201024
2160201025
2160201026
2160201027
2160201028
2160201029
2160201030
2160201031
2160201032
2160201033
2160201034
2160201035
2160201036
2160201037
2160201038
2160201039
2160201040
2160201041
2160201042
2160201043
2160201044
2160201045
2160201046
2160201047
2160201048
2160201049
2160201050
2160201051
2160201052
2160201053
2160201054
2160201055
2160201056
2160201057
2160201058
2160201059
2160201060
2160201061
2160201062
2160201063
2160201064
2160201065
2160201066
2160201067
2160201068
2160201069
2160201070
2160201071
2160201072
2160201073
2160201074
2160201075
2160201076
2160201077
2160201078
2160201079
2160201080
2160201081
2160201082
2160201083
2160201084
2160201085
2160201086
2160201087
2160201088
2160201089
2160201090
2160201091
2160201092
2160201093
2160201094
2160201096
2160201097
2160201098
2160201099
2160201100
2160201101
2160201102
2160201103
2160201104
2160201105
2160201106
2160201107
2160201108
2160201109
2160201110
2160201111
2160201112
2160201113
2160201114
2160201115
2160201116
2160201117
2160201118
2160201120
2160201121
2160302001
2160302002
2160302003
2160302004
2160302005
2160302006
2160302007
2160302008
2160302009
2160302010
2160302011
2160302012
2160302013
2160302014
2160302015
2160302016
2160302017
2160302018
2160302019
2160302020
2160302021
2160302022
2160302023
2160302024
2160302025
2160302026
2160302027
2160302028
2160302029
2160302030
2160302031
2160302032
2160302033
2160302034
2160302035
2160302036
2160302037
2160302038
2160302039
2160302040
2160302041
2160302042
2160302043
2160302044
2160302045
2160302046
2160302047
2160302048
2160302049
2160302050
2160302051
2160302052
2160302053
2160302054
2160302055
2160302056
2160302057
2160302058
2160302059
2160302060
2160302061
2160302062
2160302063
2160302064
2160302065
2160302066
2160302067
2160302068
2160302069
2160302070
2160302071
2160302072
2160302073
2160302074
2160302075
2160302076
2160302077
2160302078
2160302079
2160302080
2160302081
2160302082
2160302083
2160302084
2160302085
2160302086
2160302087
2160302088
2160302089
2160302090
2160302091
2160302092
2160302093
2160302094
2160302095
2160603001
2160603002
2160603003
2160603004
2160603005
2160603006
2160603007
2160603008
2160603009
2160603010
2160603011
2160603012
2160603013
2160603014
2160603015
2160603016
2160603017
2160603018
2160603019
2160603020
2160703001
2160703002
2160703003
2160703004
2160703005
2160703006
2160703007
2160703008
2160703009
2160703010
2160703011
2160703012
2160703013
2160703014
2160703015
2160703016
2160703017
2160703018
2160703020
2160703021
2160703022
2160703023
2160703024
2160703025
2160703026
2160703027
2160703028
2160703029
2160703030
2160703031
2160703032
2160703033
2160901001
2160901002
2160901003
2160901004
2160901005
2160901006
2160901007
2160901008
2160901009
2160901010
2160901011
2160901012
2160901013
2160901014
2160901015
2160901016
2160901017
2160901018
2160901019
2160901020
2160901021
2160901022
2160901023
2160901024
2160901025
2160901026
2160901027
2160901028
2160901029
2160901030
2160901031
2160901032
2160901033
2160901034
2160901035
2160901036
2160901037
2160901038
2160901039
2160901040
2160901041
2160901042
2161302001
2161302002
2161302003
2161302004
2161302005
2161302006
2161302007
2161302008
2161302009
2161302010
2161302011
2161302012
2161302013
2161302014
2161302015
2161302016
2161302017
2161302018
2161302019
2161302020
2161302021
2161302022
2161302023
2161302024
2161302025
2161302026
2161302027
2161302028
2161302029
2161302030
2161401001
2161401002
2161401003
2161401004
2161401005
2161401006
2161401007
2161401008
2161401009
2161401010
2161401011
2161401012
2161401013
2161401014
2161401015
2161401016
2161401017
2161401018
2161401019
2161401020
2161401021
2161401022
2161401023
2161401024
2161401025
2161401026
2161401027
2161401028
2161401029
2161401031
2161401032
2161401033
2161401034
2161401035
2161401036
2161401037
2161401038
2161401039
2161401040
2161401041
2161401042
2161401043
